frame 3800
m_md 1
m_page_x 20
m_page_y 20
m_page_size 0
m_pattern_size 1
m_bits16 1
m_pny_shift 5
m_na8_mask f
m_base_y_shift 2
m_h_div_size 0
m_v_div_size 5
m_col_shift 0
m_flip 0
m_zron 0
m_dspe 1
m_dckm 0
m_h_display_size 0
m_v_display_size 0
m_roz_wrap_disable 0
m_scroll_wrap_disable 0
m_planeA_trans_enable 1
m_planeB_trans_enable 1
m_priority_mode 1
m_cbdr 0
m_yse 0
m_scm 0
m_planeA_color_fetch 0
m_planeB_color_fetch 0
m_sprite_color_fetch 0
m_mosaic_aplane 0
m_mosaic_bplane 0
m_sprite_disable 0
m_sprite_aux_mode 1
m_sprite_aux_reg 0
m_border_color 0
m_sprite_bank b0
m_namcond1_gfxbank 0
m_vblank_irq_mask 1
m_raster_irq_mask 0
m_raster_irq_hpos 0
m_raster_irq_vpos 0
m_raster_irq_mode 0
m_ax 0
m_ay 0
m_dx 0
m_dy 0
m_dxy 0
m_dyx 0
m_raw_ax 0
m_raw_ay 0
m_raw_dx 0
m_raw_dy 0
m_raw_dxy 0
m_raw_dyx 0
m_crtc.htotal 324
m_crtc.vtotal 105
m_crtc.display_hstart 6c
m_crtc.display_vstart 1a
m_crtc.display_width 240
m_crtc.display_height e0
m_crtc.display_hsync 30
m_crtc.display_vsync 3
m_crtc.border_width 20
m_crtc.border_height 0
m_screen_status 10
m_ba_plane_scroll_select 1
m_plane_select_access 0
m_xtile_ptr 8
m_ytile_ptr 0
m_pattern_name_table[] 4096 1
69 fc ed 7a ed 7a ed 7a ed 7a ed 7a 20 b 20 b 20 b ec fb 85 cc 85 cc 9a dc 9a dc 9a dc 9a dc 9a dc 9a dc 20 0 20 0 20 0 20 0 20 0 20 0 20 0 20 0 20 0 20 0 20 0 20 0 20 0 20 0
72 fc f8 7a 4 7b ed 7a ed 7a ed 7a 57 db 20 b 20 b 71 fc 84 cc 96 cc 99 dc 99 dc 99 dc 99 dc 99 dc 99 dc 20 0 20 0 20 0 20 0 20 0 20 0 20 0 20 0 20 0 20 0 20 0 20 0 20 0 20 0
69 fb f7 7a 3 7b f 7b ed 7a ed 7a 56 db 32 db 20 b 74 fb 83 cc 95 cc 98 dc 98 dc 98 dc 98 dc 98 dc e1 d0 20 0 20 0 20 0 20 0 20 0 20 0 20 0 20 0 20 0 20 0 20 0 20 0 20 0 20 0
63 fb f6 7a 2 7b e 7b 17 1b 1f 1b 55 db 5f db 20 b 6e fb 82 cc 94 cc 98 dc a5 dc b0 dc 98 dc a5 dc e0 d0 20 0 20 0 20 0 20 0 20 0 20 0 20 0 20 0 20 0 20 0 20 0 20 0 20 0 20 0
63 fb f5 7a 1 7b d 7b 16 1b 1e 1b 54 db 5e db 26 db 6e fb 80 cc 92 cc 98 dc a4 dc af dc 98 dc a4 dc af dc 20 0 20 0 20 0 20 0 20 0 20 0 20 0 20 0 20 0 20 0 20 0 20 0 20 0 20 0
63 fb f4 7a 0 7b c 7b 15 1b 1d 1b 53 db 5d db 25 db 6e fb 7f cc 91 cc 98 dc a3 dc ae dc 98 dc a3 dc ae dc 20 0 20 0 20 0 20 0 20 0 20 0 20 0 20 0 20 0 20 0 20 0 20 0 20 0 20 0
63 fb f3 7a ff 7a b 7b 14 1b 1c 1b 52 db 36 db 24 db 6e fb 7e cc 90 cc 98 dc a2 dc ad dc 98 dc a2 dc ad dc 20 0 20 0 20 0 20 0 20 0 20 0 20 0 20 0 20 0 20 0 20 0 20 0 20 0 20 0
74 fc f2 7a fe 7a a 7b 13 1b 1b 1b 51 db 5c db 23 db 73 fc 7d cc 8f cc 98 dc a1 dc ac dc 98 dc a1 dc ac dc 20 0 20 0 20 0 20 0 20 0 20 0 20 0 20 0 20 0 20 0 20 0 20 0 20 0 20 0
f4 fb f1 7a fd 7a 9 7b 12 1b 1a 1b 50 db 5b db 22 db 95 fb 7c cc 8e cc 98 dc a0 dc ab dc 98 dc a0 dc e3 d0 20 0 20 0 20 0 20 0 20 0 20 0 20 0 20 0 20 0 20 0 20 0 20 0 20 0 20 0
63 fb f0 7a fc 7a 8 7b 11 1b 19 1b 4f db 5a db 21 db 6e fb 7b cc 8d cc 98 dc 98 dc 98 dc 98 dc 98 dc e2 d0 20 0 20 0 20 0 20 0 20 0 20 0 20 0 20 0 20 0 20 0 20 0 20 0 20 0 20 0
63 fb ef 7a fb 7a 7 7b 10 1b 18 1b 4e db 59 db 20 b 6e fb 77 cc 8c cc 98 dc 9f dc aa dc 98 dc 9f dc aa dc 20 0 20 0 20 0 20 0 20 0 20 0 20 0 20 0 20 0 20 0 20 0 20 0 20 0 20 0
63 fb ee 7a fa 7a 6 7b ed 7a ed 7a 4d db 58 db 20 b 6e fb 7a cc 8b cc 98 dc 9e dc a9 dc 98 dc 9e dc a9 dc 20 0 20 0 20 0 20 0 20 0 20 0 20 0 20 0 20 0 20 0 20 0 20 0 20 0 20 0
62 fb ed 7a f9 7a 5 7b ed 7a ed 7a 20 b 20 b 20 b 6d fb 79 cc 8a cc 98 dc 9d dc a8 dc 98 dc 9d dc a8 dc 20 0 20 0 20 0 20 0 20 0 20 0 20 0 20 0 20 0 20 0 20 0 20 0 20 0 20 0
61 fb ed 7a ed 7a ed 7a ed 7a ed 7a 20 b 20 b 20 b 6c fb 78 cc 89 cc 98 dc 9c dc a7 dc 98 dc 9c dc a7 dc 20 0 20 0 20 0 20 0 20 0 20 0 20 0 20 0 20 0 20 0 20 0 20 0 20 0 20 0
20 0 20 0 20 0 20 0 20 0 20 0 20 0 20 0 20 0 20 0 77 cc 88 cc 98 dc 9b dc a6 dc 98 dc 9b dc a6 dc 20 0 20 0 20 0 20 0 20 0 20 0 20 0 20 0 20 0 20 0 20 0 20 0 20 0 20 0
20 0 20 0 20 0 20 0 20 0 20 0 20 0 20 0 20 0 20 0 76 cc 87 cc 98 dc 98 dc 98 dc 98 dc 98 dc e1 d0 20 0 20 0 20 0 20 0 20 0 20 0 20 0 20 0 20 0 20 0 20 0 20 0 20 0 20 0
20 0 20 0 20 0 20 0 20 0 20 0 20 0 20 0 20 0 20 0 81 cc 93 cc 98 dc a5 dc b0 dc 98 dc a5 dc e0 d0 20 0 20 0 20 0 20 0 20 0 20 0 20 0 20 0 20 0 20 0 20 0 20 0 20 0 20 0
20 0 20 0 20 0 20 0 20 0 20 0 20 0 20 0 20 0 20 0 80 cc 92 cc 98 dc a4 dc af dc 98 dc a4 dc af dc 20 0 20 0 20 0 20 0 20 0 20 0 20 0 20 0 20 0 20 0 20 0 20 0 20 0 20 0
20 0 20 0 20 0 20 0 20 0 20 0 20 0 20 0 20 0 20 0 7f cc 91 cc 98 dc a3 dc ae dc 98 dc a3 dc ae dc 20 0 20 0 20 0 20 0 20 0 20 0 20 0 20 0 20 0 20 0 20 0 20 0 20 0 20 0
20 0 20 0 20 0 20 0 20 0 20 0 20 0 20 0 20 0 20 0 7e cc 90 cc 98 dc a2 dc ad dc 98 dc a2 dc ad dc 20 0 20 0 20 0 20 0 20 0 20 0 20 0 20 0 20 0 20 0 20 0 20 0 20 0 20 0
20 0 20 0 20 0 20 0 20 0 20 0 20 0 20 0 20 0 20 0 7d cc 8f cc 98 dc a1 dc ac dc 98 dc a1 dc ac dc 20 0 20 0 20 0 20 0 20 0 20 0 20 0 20 0 20 0 20 0 20 0 20 0 20 0 20 0
20 0 20 0 20 0 20 0 20 0 20 0 20 0 20 0 20 0 20 0 7c cc 8e cc 98 dc a0 dc ab dc 98 dc a0 dc e3 d0 20 0 20 0 20 0 20 0 20 0 20 0 20 0 20 0 20 0 20 0 20 0 20 0 20 0 20 0
20 0 20 0 20 0 20 0 20 0 20 0 20 0 20 0 20 0 20 0 7b cc 8d cc 98 dc 98 dc 98 dc 98 dc 98 dc e2 d0 20 0 20 0 20 0 20 0 20 0 20 0 20 0 20 0 20 0 20 0 20 0 20 0 20 0 20 0
20 0 20 0 20 0 20 0 20 0 20 0 20 0 20 0 20 0 20 0 77 cc 8c cc 98 dc 9f dc aa dc 98 dc 9f dc aa dc 20 0 20 0 20 0 20 0 20 0 20 0 20 0 20 0 20 0 20 0 20 0 20 0 20 0 20 0
20 0 20 0 20 0 20 0 20 0 20 0 20 0 20 0 20 0 20 0 7a cc 8b cc 98 dc 9e dc a9 dc 98 dc 9e dc a9 dc 20 0 20 0 20 0 20 0 20 0 20 0 20 0 20 0 20 0 20 0 20 0 20 0 20 0 20 0
20 0 20 0 20 0 20 0 20 0 20 0 20 0 20 0 20 0 20 0 79 cc 8a cc 98 dc 9d dc a8 dc 98 dc 9d dc a8 dc 20 0 20 0 20 0 20 0 20 0 20 0 20 0 20 0 20 0 20 0 20 0 20 0 20 0 20 0
20 0 20 0 20 0 20 0 20 0 20 0 20 0 20 0 20 0 20 0 78 cc 89 cc 98 dc 9c dc a7 dc 98 dc 9c dc a7 dc 20 0 20 0 20 0 20 0 20 0 20 0 20 0 20 0 20 0 20 0 20 0 20 0 20 0 20 0
20 0 20 0 20 0 20 0 20 0 20 0 20 0 20 0 20 0 20 0 77 cc 88 cc 98 dc 9b dc a6 dc 98 dc 9b dc a6 dc 20 0 20 0 20 0 20 0 20 0 20 0 20 0 20 0 20 0 20 0 20 0 20 0 20 0 20 0
20 0 20 0 20 0 20 0 20 0 20 0 20 0 20 0 20 0 20 0 76 cc 87 cc 98 dc 98 dc 98 dc 98 dc 98 dc 91 d1 20 0 20 0 20 0 20 0 20 0 20 0 20 0 20 0 20 0 20 0 20 0 20 0 20 0 20 0
20 0 20 0 20 0 20 0 20 0 20 0 20 0 20 0 20 0 20 0 75 cc 86 cc 97 dc 97 dc 97 dc 97 dc 97 dc 90 d1 20 0 20 0 20 0 20 0 20 0 20 0 20 0 20 0 20 0 20 0 20 0 20 0 20 0 20 0
20 0 20 0 20 0 20 0 20 0 20 0 20 0 20 0 20 0 20 0 20 0 20 0 20 0 20 0 20 0 20 0 20 0 20 0 20 0 20 0 20 0 20 0 20 0 20 0 20 0 20 0 20 0 20 0 20 0 20 0 20 0 20 0
20 0 20 0 20 0 20 0 20 0 20 0 20 0 20 0 20 0 20 0 20 0 20 0 20 0 20 0 20 0 20 0 20 0 20 0 20 0 20 0 20 0 20 0 20 0 20 0 20 0 20 0 20 0 20 0 20 0 20 0 20 0 20 0
7f 82 66 ea 66 ea 66 ea 66 ea 66 ea 66 ea 66 ea 66 ea 87 82 66 ea 66 ea 66 ea 66 ea 66 ea 66 ea 66 ea 66 ea 81 82 87 82 83 82 89 82 7f 82 85 82 81 82 87 82 83 82 89 82 7f 82 85 82 81 82 87 82
7e 82 66 ea 66 ea 66 ea 66 ea 66 ea 66 ea 66 ea 66 ea 86 82 66 ea 66 ea 66 ea 66 ea 66 ea 66 ea 66 ea 66 ea 80 82 86 82 82 82 88 82 7e 82 84 82 80 82 86 82 82 82 88 82 7e 82 84 82 80 82 86 82
83 82 66 ea 66 ea 66 ea 66 ea 66 ea 66 ea 66 ea 66 ea 89 82 66 ea 66 ea 66 ea 66 ea 66 ea 66 ea 66 ea 66 ea 8d 82 91 82 95 82 99 82 83 82 89 82 83 82 89 82 8d 82 91 82 95 82 99 82 7f 82 85 82
82 82 66 ea 66 ea 66 ea 66 ea 66 ea 66 ea 66 ea 66 ea 88 82 66 ea 66 ea 66 ea 66 ea 66 ea 66 ea 66 ea 66 ea 8c 82 90 82 94 82 98 82 82 82 88 82 82 82 88 82 8c 82 90 82 94 82 98 82 7e 82 84 82
81 82 66 ea 66 ea 66 ea 66 ea 66 ea 66 ea 66 ea 66 ea 85 82 66 ea 66 ea 66 ea 66 ea 66 ea 66 ea 66 ea 66 ea 8b 82 8f 82 93 82 97 82 81 82 87 82 7f 82 85 82 8b 82 8f 82 93 82 97 82 83 82 89 82
80 82 66 ea 66 ea 66 ea 66 ea 66 ea 66 ea 66 ea 66 ea 84 82 66 ea 66 ea 66 ea 66 ea 66 ea 66 ea 66 ea 66 ea 8a 82 8e 82 92 82 96 82 80 82 86 82 7e 82 84 82 8a 82 8e 82 92 82 96 82 82 82 88 82
83 82 66 ea 66 ea 66 ea 66 ea 66 ea 66 ea 66 ea 66 ea 89 82 66 ea 66 ea 66 ea 66 ea 66 ea 66 ea 66 ea 66 ea 83 82 89 82 81 82 87 82 83 82 89 82 83 82 89 82 7f 82 85 82 83 82 89 82 81 82 87 82
82 82 66 ea 66 ea 66 ea 66 ea 66 ea 66 ea 66 ea 66 ea 88 82 66 ea 66 ea 66 ea 66 ea 66 ea 66 ea 66 ea 66 ea 82 82 88 82 80 82 86 82 82 82 88 82 82 82 88 82 7e 82 84 82 82 82 88 82 80 82 86 82
7f 82 66 ea 66 ea 66 ea 66 ea 66 ea 66 ea 66 ea 66 ea 87 82 66 ea 66 ea 66 ea 66 ea 66 ea 66 ea 66 ea 66 ea 83 82 89 82 83 82 89 82 7f 82 85 82 81 82 87 82 83 82 89 82 83 82 89 82 7f 82 85 82
7e 82 66 ea 66 ea 66 ea 66 ea 66 ea 66 ea 66 ea 66 ea 86 82 66 ea 66 ea 66 ea 66 ea 66 ea 66 ea 66 ea 66 ea 82 82 88 82 82 82 88 82 7e 82 84 82 80 82 86 82 82 82 88 82 82 82 88 82 7e 82 84 82
83 82 66 ea 66 ea 66 ea 66 ea 66 ea 66 ea 66 ea 66 ea 89 82 66 ea 66 ea 66 ea 66 ea 66 ea 66 ea 66 ea 66 ea 8d 82 91 82 95 82 99 82 83 82 89 82 83 82 89 82 8d 82 91 82 95 82 99 82 83 82 89 82
82 82 66 ea 66 ea 66 ea 66 ea 66 ea 66 ea 66 ea 66 ea 88 82 66 ea 66 ea 66 ea 66 ea 66 ea 66 ea 66 ea 66 ea 8c 82 90 82 94 82 98 82 82 82 88 82 82 82 88 82 8c 82 90 82 94 82 98 82 82 82 88 82
81 82 66 ea 66 ea 66 ea 66 ea 66 ea 66 ea 66 ea 66 ea 87 82 66 ea 66 ea 66 ea 66 ea 66 ea 66 ea 66 ea 66 ea 8b 82 8f 82 93 82 97 82 7f 82 85 82 81 82 87 82 8b 82 8f 82 93 82 97 82 81 82 87 82
80 82 66 ea 66 ea 66 ea 66 ea 66 ea 66 ea 66 ea 66 ea 86 82 66 ea 66 ea 66 ea 66 ea 66 ea 66 ea 66 ea 66 ea 8a 82 8e 82 92 82 96 82 7e 82 84 82 80 82 86 82 8a 82 8e 82 92 82 96 82 80 82 86 82
7f 82 85 82 83 82 89 82 7f 82 85 82 83 82 89 82 83 82 89 82 66 ea 66 ea 66 ea 66 ea 66 ea 66 ea 66 ea 66 ea 83 82 89 82 7f 82 85 82 83 82 89 82 83 82 89 82 81 82 87 82 83 82 89 82 7f 82 85 82
7e 82 84 82 82 82 88 82 7e 82 84 82 82 82 88 82 82 82 88 82 66 ea 66 ea 66 ea 66 ea 66 ea 66 ea 66 ea 66 ea 82 82 88 82 7e 82 84 82 82 82 88 82 82 82 88 82 80 82 86 82 82 82 88 82 7e 82 84 82
7f 82 85 82 81 82 87 82 83 82 89 82 7f 82 85 82 81 82 87 82 66 ea 66 ea 66 ea 66 ea 66 ea 66 ea 66 ea 66 ea 81 82 87 82 83 82 89 82 7f 82 85 82 81 82 87 82 83 82 89 82 7f 82 85 82 81 82 87 82
7e 82 84 82 80 82 86 82 82 82 88 82 7e 82 84 82 80 82 86 82 66 ea 66 ea 66 ea 66 ea 66 ea 66 ea 66 ea 66 ea 80 82 86 82 82 82 88 82 7e 82 84 82 80 82 86 82 82 82 88 82 7e 82 84 82 80 82 86 82
83 82 89 82 8d 82 91 82 95 82 99 82 83 82 89 82 83 82 89 82 66 ea 66 ea 66 ea 66 ea 66 ea 66 ea 66 ea 66 ea 8d 82 91 82 95 82 99 82 83 82 89 82 83 82 89 82 8d 82 91 82 95 82 99 82 7f 82 85 82
82 82 88 82 8c 82 90 82 94 82 98 82 82 82 88 82 82 82 88 82 66 ea 66 ea 66 ea 66 ea 66 ea 66 ea 66 ea 66 ea 8c 82 90 82 94 82 98 82 82 82 88 82 82 82 88 82 8c 82 90 82 94 82 98 82 7e 82 84 82
81 82 87 82 8b 82 8f 82 93 82 97 82 81 82 87 82 7f 82 85 82 66 ea 66 ea 66 ea 66 ea 66 ea 66 ea 66 ea 66 ea 8b 82 8f 82 93 82 97 82 81 82 87 82 7f 82 85 82 8b 82 8f 82 93 82 97 82 83 82 89 82
80 82 86 82 8a 82 8e 82 92 82 96 82 80 82 86 82 7e 82 84 82 66 ea 66 ea 66 ea 66 ea 66 ea 66 ea 66 ea 66 ea 8a 82 8e 82 92 82 96 82 80 82 86 82 7e 82 84 82 8a 82 8e 82 92 82 96 82 82 82 88 82
83 82 89 82 83 82 89 82 81 82 87 82 83 82 89 82 83 82 89 82 66 ea 66 ea 66 ea 66 ea 66 ea 66 ea 66 ea 66 ea 83 82 89 82 81 82 87 82 83 82 89 82 83 82 89 82 7f 82 85 82 83 82 89 82 81 82 87 82
82 82 88 82 82 82 88 82 80 82 86 82 82 82 88 82 82 82 88 82 66 ea 66 ea 66 ea 66 ea 66 ea 66 ea 66 ea 66 ea 82 82 88 82 80 82 86 82 82 82 88 82 82 82 88 82 7e 82 84 82 82 82 88 82 80 82 86 82
7f 82 85 82 83 82 89 82 83 82 89 82 7f 82 85 82 81 82 87 82 66 ea 66 ea 66 ea 66 ea 66 ea 66 ea 66 ea 66 ea 83 82 89 82 83 82 89 82 7f 82 85 82 81 82 87 82 83 82 89 82 83 82 89 82 7f 82 85 82
7e 82 84 82 82 82 88 82 82 82 88 82 7e 82 84 82 80 82 86 82 66 ea 66 ea 66 ea 66 ea 66 ea 66 ea 66 ea 66 ea 82 82 88 82 82 82 88 82 7e 82 84 82 80 82 86 82 82 82 88 82 82 82 88 82 7e 82 84 82
83 82 89 82 8d 82 91 82 95 82 99 82 83 82 89 82 83 82 89 82 66 ea 66 ea 66 ea 66 ea 66 ea 66 ea 66 ea 66 ea 8d 82 91 82 95 82 99 82 83 82 89 82 83 82 89 82 8d 82 91 82 95 82 99 82 83 82 89 82
82 82 88 82 8c 82 90 82 94 82 98 82 82 82 88 82 82 82 88 82 66 ea 66 ea 66 ea 66 ea 66 ea 66 ea 66 ea 66 ea 8c 82 90 82 94 82 98 82 82 82 88 82 82 82 88 82 8c 82 90 82 94 82 98 82 82 82 88 82
81 82 87 82 8b 82 8f 82 93 82 97 82 7f 82 85 82 81 82 87 82 66 ea 66 ea 66 ea 66 ea 66 ea 66 ea 66 ea 66 ea 8b 82 8f 82 93 82 97 82 7f 82 85 82 81 82 87 82 8b 82 8f 82 93 82 97 82 81 82 87 82
80 82 86 82 8a 82 8e 82 92 82 96 82 7e 82 84 82 80 82 86 82 66 ea 66 ea 66 ea 66 ea 66 ea 66 ea 66 ea 66 ea 8a 82 8e 82 92 82 96 82 7e 82 84 82 80 82 86 82 8a 82 8e 82 92 82 96 82 80 82 86 82
7f 82 85 82 83 82 89 82 7f 82 85 82 83 82 89 82 83 82 89 82 81 82 87 82 83 82 89 82 7f 82 85 82 7f 82 85 82 83 82 89 82 7f 82 85 82 83 82 89 82 83 82 89 82 81 82 87 82 83 82 89 82 7f 82 85 82
7e 82 84 82 82 82 88 82 7e 82 84 82 82 82 88 82 82 82 88 82 80 82 86 82 82 82 88 82 7e 82 84 82 7e 82 84 82 82 82 88 82 7e 82 84 82 82 82 88 82 82 82 88 82 80 82 86 82 82 82 88 82 7e 82 84 82
m_sprite_attribute_table.b[] 256 1
80 db 8 66 60 db 8 67 80 f3 8 71 60 f3 8 72 40 db 4 fe 40 f3 4 28 0 0 1 0 0 0 1 0 0 0 1 0 0 0 1 0 0 0 1 0 0 0 1 0 0 0 1 0 0 0 1 0 0 0 1 0 0 0 1 0
0 0 1 0 0 0 1 0 0 0 1 0 0 0 1 0 0 0 1 0 0 0 1 0 0 0 1 0 0 0 1 0 0 0 1 0 0 0 1 0 0 0 1 0 0 0 1 0 0 0 1 0 0 0 1 0 0 0 1 0 0 0 1 0
0 0 1 0 0 0 1 0 0 0 1 0 0 0 1 0 0 0 1 0 0 0 1 0 0 0 1 0 0 0 1 0 0 0 1 0 0 0 1 0 0 0 1 0 0 0 1 0 0 0 1 0 0 0 1 0 0 0 1 0 0 0 1 0
0 0 1 0 0 0 1 0 0 0 1 0 0 0 1 0 0 0 1 0 0 0 1 0 0 0 1 0 0 0 1 0 0 0 1 0 0 0 1 0 0 0 1 0 0 0 1 0 0 0 1 0 0 0 1 0 0 0 1 0 0 0 1 0
m_scroll_data_table[] 512 1
0 0 0 0 0 0 0 0 0 0 0 0 0 0 0 0 0 0 0 0 19 0 19 0 19 0 19 0 19 0 19 0 19 0 19 0 0 0 0 0 0 0 0 0 0 0 0 0 0 0 0 0 0 0 0 0 0 0 0 0 0 0 0 0
0 0 0 0 0 0 0 0 0 0 0 0 0 0 0 0 0 0 0 0 0 0 0 0 0 0 0 0 0 0 0 0 0 0 0 0 0 0 0 0 0 0 0 0 0 0 0 0 0 0 0 0 0 0 0 0 0 0 0 0 0 0 0 0
0 0 0 0 0 0 0 0 0 0 0 0 0 0 0 0 0 0 0 0 0 0 0 0 0 0 0 0 0 0 0 0 0 0 0 0 0 0 0 0 0 0 0 0 0 0 0 0 0 0 0 0 0 0 0 0 0 0 0 0 0 0 0 0
30 30 30 30 30 30 30 30 30 30 30 30 30 30 30 30 30 30 30 30 30 30 30 30 30 30 30 30 30 30 30 30 0 0 0 0 0 0 0 0 0 0 0 0 0 0 0 0 0 0 0 0 0 0 0 0 0 0 0 0 0 0 0 0
0 0 0 0 0 0 0 0 0 0 0 0 0 0 0 0 0 0 0 0 19 0 19 0 19 0 19 0 19 0 19 0 19 0 19 0 45 fe 45 fe 45 fe 45 fe 45 fe 45 fe 45 fe 45 fe 45 fe 45 fe 45 fe 45 fe 45 fe 45 fe
45 fe 45 fe 45 fe 45 fe 45 fe 45 fe 45 fe 45 fe 45 fe 45 fe 45 fe 45 fe 45 fe 45 fe 45 fe 45 fe 45 fe 45 fe 45 fe 45 fe 45 fe 45 fe 45 fe 45 fe 45 fe 45 fe 45 fe 45 fe 45 fe 45 fe 45 fe 45 fe
0 0 0 0 0 0 0 0 0 0 0 0 0 0 0 0 0 0 0 0 0 0 0 0 0 0 0 0 0 0 0 0 0 0 0 0 0 0 0 0 0 0 0 0 0 0 0 0 0 0 0 0 0 0 0 0 0 0 0 0 0 0 0 0
30 30 30 30 30 30 30 30 30 30 30 30 30 30 30 30 30 30 30 30 30 30 30 30 30 30 30 30 30 30 30 30 0 0 0 0 0 0 0 0 0 0 0 0 0 0 0 0 0 0 0 0 0 0 0 0 0 0 0 0 0 0 0 0
m_colour_palette[] 768 1
0 0 0 6 6 6 25 25 25 2c 2c 2c 35 35 35 3f 3f 3f 34 1f 0 3d 28 14 3f 2d 24 0 3 29 3 e 34 7 17 3e 11 22 3f 3f 3f 0 2a 1c 4 37 23 17 25 1c 3f 3c 3c 3c 36 36 38 30 30 34 29 29 2f 23
23 2b 1e 1e 24 19 19 1d 14 14 16 e e e b b d 7 7 c 5 5 8 2 2 4 0 0 0 0 0 0 3f 0 3f 3f 0 0 36 0 0 2b 0 0 20 0 0 0 2e 12 13 13 3f 7 6 3f 4 4 26 6 6 6 3a 3a
3a 36 36 0 3f 32 27 3e 2c 23 34 20 17 2a 14 9 3f 0 3f 6 6 6 38 0 16 3f 1a 2c 3f 23 36 3f 2b 3f 3f 23 4 3f 29 2 3f 30 1 3f 38 1 3f 3f 0 3 9 30 b 1f 3b 11 24 3f 3f 0 3f 3f 3f 3f
3f 0 3f 1a 3f 33 0 3c 10 0 2e 12 0 23 d 3f 2a 15 36 24 12 2b 1d e 3f 0 0 36 0 0 2b 0 0 3a 3a 3a 3f 32 27 3e 2c 23 34 20 17 6 6 6 3f 0 3f 1e 0 0 2e 0 0 3f 0 0 3 d 33 6
18 3f 31 23 1 3d 2d 1 0 0 0 12 12 12 25 25 25 30 30 30 0 0 20 9 18 3f 0 2e 2e 1c 34 3f 3f 0 3f 0 0 0 12 12 12 25 25 25 30 30 30 30 30 0 30 0 0 0 0 20 0 2e 2e 0 0 0 1a 10
0 28 18 0 31 23 0 3a 2f 0 3d 36 20 3f 3e 3f 3f 0 3f 0 0 0 0 0 20 9 18 3f 0 2e 2e 1a 10 0 28 18 0 30 20 10 38 28 20 9 18 3f 2f 2f 2f 39 39 0 0 0 29 39 26 0 0 31 13 39 0 0
3f 0 3f 30 30 30 9 18 3f 6 f 35 4 b 27 38 28 20 2d 1a 12 30 30 0 26 26 0 3f 0 0 30 0 0 21 0 0 0 0 0 3b 34 1 3f 0 0 7 6 3f 3f 0 3f 0 10 15 e 20 22 18 2d 2e 22 39 3a 2d
3f 3f 29 13 1 32 1c 2 3a 25 2 3f 31 2 3f 38 e e 4 0 3d 36 0 3a 29 0 33 1e 0 27 12 0 3f 0 3f 18 f 6 22 16 8 2b 1d b 3b 28 e 3f 3a 22 9 18 3f 7 20 3b 0 0 ff 4 31 32 2 3a
2d 9 b 7 f 12 d 15 19 13 1e 23 1b 29 2d 27 3f 0 3f 6 24 3f 0 2e 2e 2 3a 2d 30 0 0 3f b 0 9 18 3f 3f 32 3f 3f 32 3f 3f 32 3f 3f 32 3f 30 18 30 0 0 ff 6 f 35 30 30 0 3f 32 3f
3f 0 3f 0 0 0 14 f 1 1b 14 2 22 1b 7 27 21 b 2d 26 10 31 2e 16 36 36 1c 1c 13 8 1f d 0 2b e 0 38 a 0 3f 3 0 3f 18 d 3f 32 3f 3f 0 3f 0 0 0 15 b 2 1c f 2 23 13 3 2a
19 4 31 1e 5 34 28 15 36 30 24 3f 32 3f 3f 32 3f 3f 0 0 3f 3f 3f 3f 3f 0 0 0 3f 0 3f 0 3f 0 3f 5 4 0 d b 1 14 12 2 1b 18 2 1e 1d c 20 20 15 0 10 2f 0 20 29 0 25 1e 0 2a
12 1 2f 7 9 9 11 9 9 e c e 11 10 12 14 0 0 5 30 30 0 30 30 0 6 f 35 0 f 32 0 1d 3f 0 3 23 9 18 3f 1c 2b 3f 37 0 0 3b 14 8 3f 29 10 3f 3f 3f 3f 3f 0 32 21 10 3f 36 24
m_base_addr[] 16 4
0 0 0 0 0 0 0 0 0 0 0 0 0 0 0 0
