frame 2200
m_md 3
m_page_x 40
m_page_y 20
m_page_size 0
m_pattern_size 0
m_bits16 1
m_pny_shift 6
m_na8_mask f
m_base_y_shift 2
m_h_div_size 0
m_v_div_size 0
m_col_shift 8
m_flip 0
m_zron 0
m_dspe 1
m_dckm 0
m_h_display_size 3
m_v_display_size 3
m_roz_wrap_disable 0
m_scroll_wrap_disable 0
m_planeA_trans_enable 0
m_planeB_trans_enable 0
m_priority_mode 0
m_cbdr 0
m_yse 0
m_scm 0
m_planeA_color_fetch 0
m_planeB_color_fetch 0
m_sprite_color_fetch 0
m_mosaic_aplane 0
m_mosaic_bplane 0
m_sprite_disable 0
m_sprite_aux_mode 1
m_sprite_aux_reg 0
m_border_color 0
m_sprite_bank 0
m_namcond1_gfxbank 2
m_vblank_irq_mask 1
m_raster_irq_mask 1
m_raster_irq_hpos 0
m_raster_irq_vpos 0
m_raster_irq_mode 0
m_ax 0
m_ay 0
m_dx 0
m_dy 0
m_dxy 0
m_dyx 0
m_raw_ax 0
m_raw_ay 0
m_raw_dx 0
m_raw_dy 0
m_raw_dxy 0
m_raw_dyx 0
m_crtc.htotal 324
m_crtc.vtotal 105
m_crtc.display_hstart 6c
m_crtc.display_vstart 1a
m_crtc.display_width 240
m_crtc.display_height e0
m_crtc.display_hsync 30
m_crtc.display_vsync 3
m_crtc.border_width 20
m_crtc.border_height 0
m_screen_status 0
m_ba_plane_scroll_select 1
m_plane_select_access 0
m_xtile_ptr 19
m_ytile_ptr 2
m_pattern_name_table[] 4096 1
c3 1 c3 1 c3 1 c3 1 0 2 14 2 2b 2 41 2 55 2 69 2 c3 1 c3 1 c3 1 c3 1 83 2 7e 3 94 3 a7 3 c3 1 c3 1 c3 1 c3 1 c3 1 c3 1 c3 1 c3 1 c3 1 c3 1 cd 2 d7 2 eb 2 fa 2
0 3 1a 3 c3 1 c3 1 53 52 52 52 53 52 52 52 53 52 52 52 53 52 52 52 53 54 fa fa 49 fa fa fa 49 fa fa fa 0 0 0 0 0 0 0 0 0 0 0 0 0 0 0 0 0 0 0 0 0 0 0 0 0 0 0 0
c3 1 c3 1 c3 1 c3 1 ff 1 13 2 2a 2 40 2 54 2 68 2 c3 1 c3 1 d1 1 7d 2 8a 2 6 6 16 6 16 6 16 6 16 6 16 6 16 6 16 6 16 6 16 6 16 6 b3 6 c3 1 d4 2 e0 2 ea 2 f9 2
ff 2 19 3 c3 1 c3 1 9 9 9 9 9 9 18 17 17 17 17 17 1d 1e 2e 2b 2b 95 fa c1 ec ed ee ef f0 c3 80 fa 0 0 0 0 0 0 0 0 0 0 0 0 0 0 0 0 0 0 0 0 0 0 0 0 0 0 0 0
d1 1 df 1 c3 1 c3 1 c3 1 c3 1 c3 1 c3 1 c3 1 c3 1 c3 1 88 2 26 2 7c 2 89 2 5 6 76 7 84 7 54 6 54 6 68 6 bc 8 c2 8 ca 8 a5 6 a6 6 b2 6 c3 1 d3 2 df 2 e9 2 f8 2
fe 2 18 3 c3 1 c3 1 9 9 9 9 9 9 19 17 17 17 17 17 23 24 2c 2b 2b 95 4e cd f8 f9 f1 f2 f3 ea 8f fa 0 0 0 0 0 0 0 0 0 0 0 0 0 0 0 0 0 0 0 0 0 0 0 0 0 0 0 0
d0 1 de 1 ea 1 f4 1 c3 1 c3 1 c3 1 c3 1 c3 1 d1 1 7d 2 8a 2 9f 2 c3 1 c0 2 5 6 75 7 83 7 97 7 a9 7 67 6 bb 8 c1 8 c9 8 a4 6 b0 6 b2 6 c3 1 c3 1 de 2 e8 2 f7 2
fd 2 69 3 c3 1 c3 1 9 9 9 9 9 9 1a 17 17 17 17 17 23 24 2c 2b 2b 95 4c cb f6 f7 f8 f9 f1 e8 8d fa 0 0 0 0 0 0 0 0 0 0 0 0 0 0 0 0 0 0 0 0 0 0 0 0 0 0 0 0
cf 1 dd 1 e9 1 f3 1 c3 1 c3 1 c3 1 c3 1 53 2 26 2 7c 2 89 2 d1 1 7d 2 bf 2 5 6 74 7 82 7 96 7 a8 7 66 6 ba 8 c0 8 c8 8 c6 4 af 6 b2 6 c3 1 c3 1 c3 1 c3 1 c3 1
c3 1 c3 1 c3 1 c3 1 9 9 9 9 d 13 27 26 26 1e 1d 1e 17 17 2c 2b 2b 95 fa d2 f4 f5 f6 f7 f8 de 80 fa 0 0 0 0 0 0 0 0 0 0 0 0 0 0 0 0 0 0 0 0 0 0 0 0 0 0 0 0
ce 1 dc 1 e8 1 f2 1 c3 1 12 2 29 2 3f 2 52 2 67 2 7b 2 88 2 45 3 56 3 89 2 5 6 73 7 81 7 95 7 a7 7 65 6 b9 8 bf 8 c7 8 c6 4 ae 6 b2 6 c3 1 c3 1 c3 1 c3 1 c3 1
c3 1 c3 1 c3 1 c3 1 9 9 9 9 10 11 18 17 23 24 23 24 17 17 2c 2b 2b 95 fa d0 f2 f3 f4 f5 f6 e5 80 fa 0 0 0 0 0 0 0 0 0 0 0 0 0 0 0 0 0 0 0 0 0 0 0 0 0 0 0 0
cd 1 db 1 e7 1 f2 1 c3 1 11 2 28 2 3e 2 49 2 66 2 7a 2 8a 2 44 3 55 3 88 2 5 6 11 6 80 7 94 7 50 6 64 6 c6 4 c6 4 98 6 c6 4 ad 6 b2 6 c3 1 c3 1 c3 1 c3 1 c3 1
c3 1 68 3 c3 1 37 3 13 13 13 13 12 11 17 17 23 24 23 24 17 17 2d 2b 2b 95 49 ce f9 f1 f2 f3 f4 e3 8a fa 0 0 0 0 0 0 0 0 0 0 0 0 0 0 0 0 0 0 0 0 0 0 0 0 0 0 0 0
cc 1 da 1 e6 1 f1 1 c3 1 c3 1 27 2 3d 2 51 2 65 2 79 2 89 2 43 3 54 3 87 2 5 6 72 7 7f 7 93 7 a6 7 63 6 c6 4 c6 4 d4 8 c6 4 ac 6 b2 6 c3 1 c3 1 c3 1 c3 1 c3 1
c3 1 67 3 77 3 36 3 9 9 9 9 10 11 17 17 23 12 12 24 17 17 2e 2b 2b 95 47 cc f7 f8 f9 f1 f2 e1 88 fa 0 0 0 0 0 0 0 0 0 0 0 0 0 0 0 0 0 0 0 0 0 0 0 0 0 0 0 0
cb 1 d9 1 e5 1 c3 1 c3 1 c3 1 d1 1 3c 2 50 2 64 2 78 2 88 2 42 3 53 3 c3 1 5 6 71 7 7e 7 92 7 a5 7 c6 4 c6 4 c6 4 c6 4 c6 4 c6 4 b2 6 c3 1 c3 1 c3 1 c3 1 c3 1
c3 1 66 3 76 3 d7 2 9 9 c 13 12 12 25 26 26 26 26 26 26 26 31 30 2b 95 fa ca f5 f6 f7 f8 f9 df 80 fa 0 0 0 0 0 0 0 0 0 0 0 0 0 0 0 0 0 0 0 0 0 0 0 0 0 0 0 0
c3 1 c3 1 c3 1 c3 1 c3 1 10 2 26 2 3b 2 4f 2 63 2 77 2 87 2 b6 2 c3 1 be 2 5 6 e 6 7d 7 91 7 4d 6 c6 4 c6 4 d1 8 d3 8 c6 4 c6 4 b2 6 c9 2 c3 1 dd 2 e7 2 f6 2
c3 1 65 3 75 3 d6 2 9 9 10 11 9 9 18 17 17 17 17 17 17 17 2d 2b 2b 95 fa c8 f3 f4 f5 f6 f7 dd 80 fa 0 0 0 0 0 0 0 0 0 0 0 0 0 0 0 0 0 0 0 0 0 0 0 0 0 0 0 0
c3 1 c3 1 c3 1 c3 1 c3 1 f 2 25 2 3a 2 4e 2 62 2 76 2 c3 1 41 3 52 3 bd 2 5 6 70 7 7c 7 90 7 a4 7 62 6 c6 4 d0 8 d5 8 c6 4 ab 6 b2 6 c8 2 c3 1 dc 2 c3 1 f5 2
c3 1 64 3 74 3 35 3 9 9 10 11 9 9 19 17 1b 26 26 26 26 1c 2d 2b 2b 95 44 c6 f1 f2 f3 f4 f5 db 85 fa 0 0 0 0 0 0 0 0 0 0 0 0 0 0 0 0 0 0 0 0 0 0 0 0 0 0 0 0
c3 1 c3 1 c3 1 c3 1 c3 1 e 2 24 2 39 2 4d 2 61 2 75 2 c3 1 3e 3 51 3 c3 1 5 6 6f 7 7b 7 8f 7 a3 7 61 6 c6 4 c6 4 94 6 c6 4 aa 6 b2 6 c7 2 d2 2 db 2 c3 1 f5 2
c3 1 63 3 73 3 34 3 9 9 10 11 9 9 18 17 17 17 17 17 17 17 2c 2b 2b 96 42 c4 f8 f9 f1 f2 f3 d9 82 fa 0 0 0 0 0 0 0 0 0 0 0 0 0 0 0 0 0 0 0 0 0 0 0 0 0 0 0 0
ca 1 d8 1 c3 1 c3 1 fe 1 d 2 23 2 38 2 4c 2 60 2 74 2 c3 1 40 3 50 3 c3 1 5 6 6e 7 7a 7 34 6 4a 6 60 6 c6 4 c6 4 c6 8 c6 4 a9 6 b2 6 c6 2 d1 2 da 2 c3 1 f5 2
c3 1 62 3 72 3 c3 1 53 52 52 52 53 52 52 52 53 52 52 52 53 52 52 52 53 54 fa fa 49 fa fa fa 49 fa fa fa 0 0 0 0 0 0 0 0 0 0 0 0 0 0 0 0 0 0 0 0 0 0 0 0 0 0 0 0
c9 1 d7 1 c3 1 c3 1 fd 1 c 2 22 2 37 2 4b 2 5f 2 73 2 86 2 3f 3 4f 3 bc 2 5 6 6d 7 79 7 8e 7 a2 7 5f 6 c6 4 be 8 c5 8 c6 4 a8 6 b2 6 c5 2 d0 2 d0 2 d0 2 f4 2
c3 1 61 3 71 3 c3 1 7f 7f 7f 7f 7f 7f 7f 7f 7f 7f 7f 7f 7f 7f 7f 7f 7f 95 fa c1 ec ed ee ef f0 c3 80 fa 0 0 0 0 0 0 0 0 0 0 0 0 0 0 0 0 0 0 0 0 0 0 0 0 0 0 0 0
c8 1 d6 1 c3 1 c3 1 fc 1 b 2 21 2 36 2 4a 2 5e 2 72 2 85 2 c3 1 4e 3 b9 2 5 6 6c 7 78 7 8d 7 a1 7 5e 6 72 6 bd 8 c4 8 cb 8 a7 6 b2 6 c4 2 c4 2 c4 2 c4 2 c4 2
c3 1 60 3 68 3 c3 1 0 0 0 0 0 0 0 0 0 0 0 0 0 0 0 0 0 0 0 0 0 0 0 0 0 0 0 0 0 0 0 0 0 0 0 0 0 0 0 0 0 0 0 0 0 0 0 0 0 0 0 0 0 0 0 0
c7 1 d5 1 c3 1 c3 1 fb 1 a 2 20 2 35 2 49 2 5d 2 71 2 84 2 3e 3 4d 3 c3 1 5 6 6b 7 77 7 8c 7 a0 7 5d 6 aa 8 7e 6 c3 8 a1 6 a6 6 b2 6 c3 1 c3 1 c3 1 c3 1 c3 1
ca 1 5f 3 70 3 c3 1 0 0 0 0 0 0 0 0 0 0 0 0 0 0 0 0 0 0 0 0 0 0 0 0 0 0 0 0 0 0 0 0 0 0 0 0 0 0 0 0 0 0 0 0 0 0 0 0 0 0 0 0 0 0 0 0
c6 1 d4 1 c3 1 c3 1 c3 1 9 2 1f 2 34 2 48 2 5c 2 70 2 c3 1 d1 1 4c 3 c3 1 4 6 7 6 7 6 7 6 7 6 7 6 7 6 7 6 7 6 7 6 7 6 b1 6 c3 1 cf 2 d9 2 e6 2 f3 2
c9 1 5e 3 6f 3 c3 1 0 0 0 0 0 0 0 0 0 0 0 0 0 0 0 0 0 0 0 0 0 0 0 0 0 0 0 0 0 0 0 0 0 0 0 0 0 0 0 0 0 0 0 0 0 0 0 0 0 0 0 0 0 0 0 0
c5 1 d3 1 c3 1 c3 1 c3 1 8 2 1e 2 33 2 47 2 5b 2 6f 2 83 2 3d 3 4b 3 c3 1 40 4 c3 1 1a 6 b6 2 c3 1 c3 1 c3 1 88 2 8f 6 a0 6 f8 5 1f 5 c3 1 ce 2 d8 2 e5 2 f2 2
c8 1 5d 3 6e 3 c3 1 0 0 0 0 6 4 4 4 4 4 4 4 4 4 4 4 4 4 4 4 4 4 4 4 4 4 4 4 4 4 4 4 4 4 4 4 4 4 4 4 4 4 4 4 7 0 0 0 0 6 4 4 4 4 4 4
c4 1 d2 1 c3 1 c3 1 c3 1 7 2 1d 2 32 2 46 2 5a 2 6e 2 82 2 3c 3 4a 3 81 2 3f 4 c3 1 c3 1 8b 7 9f 7 b1 7 70 6 7d 6 8e 6 bd 2 f7 5 c3 1 c3 1 cd 2 ce 1 e4 2 f1 2
c7 1 5c 3 6d 3 c3 1 0 0 0 0 1 2 2 2 b c d 2 2 2 2 2 2 2 2 2 2 2 2 2 2 2 2 2 2 2 2 2 2 2 2 2 2 2 2 2 2 2 2 2 3 0 0 0 0 1 2 2 2 2 2 2
c3 1 c3 1 c3 1 c3 1 c3 1 c3 1 1c 2 31 2 45 2 59 2 c3 1 c3 1 3b 3 49 3 84 2 b6 2 c3 1 19 6 8a 7 9e 7 b0 7 6f 6 7c 6 8d 6 9f 6 c3 1 c3 1 c3 1 cd 2 d7 2 e3 2 f0 2
c6 1 5b 3 6c 3 c3 1 0 0 0 0 1 2 2 2 14 12 13 2 2 2 2 2 2 2 2 2 2 2 2 2 2 2 2 2 2 2 2 2 2 2 2 2 2 2 2 2 2 2 2 2 2 2 2 3 0 1 2 2 2 14 12 12
c3 1 c3 1 e4 1 f0 1 fa 1 6 2 1b 2 30 2 44 2 58 2 6d 2 81 2 3a 3 48 3 c3 1 c3 1 2a 5 45 4 89 7 9d 7 af 7 6e 6 7b 6 8c 6 9e 6 a2 2 c3 1 c3 1 cc 2 d6 2 e2 2 ef 2
c5 1 5a 3 6b 3 c3 1 4 4 4 4 5 2 2 2 3 0 1 2 2 2 2 2 2 2 2 2 2 2 2 2 2 2 2 2 2 2 2 2 2 2 2 2 2 2 2 2 2 2 2 2 2 2 2 3 0 1 2 2 2 3 0 0
c3 1 c3 1 e3 1 ef 1 f9 1 5 2 1a 2 2f 2 43 2 57 2 6c 2 80 2 39 3 47 3 bb 2 3e 4 29 5 d8 1 88 7 9c 7 ae 7 6d 6 7a 6 8b 6 2e 4 c3 1 c3 1 c3 1 c3 1 d5 2 e1 2 ee 2
c4 1 59 3 6a 3 c3 1 2 2 2 2 2 2 2 2 3 0 1 2 2 2 3 0 1 2 2 2 3 0 0 0 0 0 0 0 0 0 0 0 0 0 0 0 0 0 0 0 1 2 2 2 2 2 2 3 0 1 2 2 2 3 0 0
c3 1 c3 1 e2 1 ee 1 f8 1 4 2 19 2 2e 2 42 2 56 2 6b 2 7f 2 38 3 46 3 ba 2 3d 4 28 5 18 6 87 7 9b 7 ad 7 6c 6 79 6 8a 6 c3 1 c3 1 c3 1 c3 1 c3 1 c3 1 c3 1 c3 1
c3 1 58 3 c3 1 c3 1 12 13 2 2 2 2 2 2 3 0 1 2 2 2 3 0 1 2 2 2 3 0 0 0 0 0 0 0 0 0 0 0 0 0 0 0 0 0 0 0 1 2 2 2 2 2 2 3 0 1 2 2 2 3 0 0
c3 1 c3 1 e2 1 ed 1 f7 1 3 2 18 2 2d 2 c3 1 c3 1 6a 2 7e 2 8c 2 a3 2 b9 2 c3 1 27 5 17 6 86 7 9a 7 ac 7 6b 6 78 6 89 6 c3 1 c3 1 c3 1 c3 1 c3 1 c3 1 c3 1 c3 1
c3 1 57 3 c3 1 c3 1 0 1 2 2 2 2 2 2 11 4 5 2 2 2 3 0 1 2 2 2 11 4 4 4 4 4 4 4 4 4 4 4 4 4 4 7 0 0 0 0 1 2 2 2 2 2 2 3 0 1 2 2 2 3 0 0
c3 1 c3 1 e1 1 ec 1 f6 1 2 2 17 2 c3 1 c3 1 c3 1 c3 1 fb 1 8b 2 a2 2 c3 1 3c 4 26 5 b7 2 85 7 99 7 ab 7 6a 6 77 6 88 6 c3 1 c3 1 c3 1 c3 1 c3 1 c3 1 c3 1 c3 1
c3 1 c3 1 c3 1 c3 1 0 1 2 2 2 2 2 2 2 2 2 2 2 2 3 0 1 2 15 16 2 2 2 2 2 2 2 2 2 2 2 2 2 2 2 3 0 0 0 0 1 2 2 2 2 2 2 3 0 1 2 2 2 3 0 0
c3 1 c3 1 e0 1 eb 1 f5 1 1 2 16 2 2c 2 c3 1 c3 1 c3 1 c3 1 9 2 a1 2 b8 2 3b 4 25 5 b6 2 29 6 98 7 aa 7 69 6 76 6 87 6 9d 6 f6 5 1e 5 c3 2 c3 1 c3 1 c3 1 c3 1
c3 1 c3 1 c3 1 c3 1 0 1 2 2 2 14 12 12 12 12 13 2 2 2 3 0 1 2 2 2 2 2 2 2 2 2 2 2 2 2 2 2 2 2 2 3 0 0 0 0 1 2 2 2 2 2 2 2 2 2 2 2 2 2 2 2
c3 1 c3 1 c3 1 c3 1 c3 1 c3 1 15 2 c3 1 c3 1 c3 1 c3 1 c3 1 6a 2 7e 2 b7 2 3a 4 c3 1 c3 1 c3 1 c3 1 c3 1 c3 1 75 6 86 6 f5 5 f5 5 1d 5 c2 2 cb 2 c3 1 c3 1 ed 2
fc 2 2 3 1c 3 33 3 4 5 2 2 2 3 0 0 0 0 1 2 2 2 3 0 1 2 2 2 2 2 2 2 2 2 2 2 2 2 2 2 2 2 2 3 0 0 0 0 1 2 2 2 2 2 17 2 2 2 2 2 2 2 2 2
c3 1 c3 1 c3 1 c3 1 c3 1 c3 1 c3 1 c3 1 c3 1 c3 1 c3 1 c3 1 c3 1 a0 2 b6 2 c3 1 c3 1 c3 1 c3 1 c3 1 c3 1 c3 1 fb 3 b 4 17 4 21 4 32 4 c1 2 ca 2 c3 1 c3 1 ec 2
fb 2 1 3 1b 3 32 3 2 2 2 2 2 3 0 0 0 0 1 2 2 2 3 0 0 0 0 0 0 0 0 0 0 0 0 0 0 0 0 1 2 2 2 3 0 0 0 0 1 2 2 2 2 2 2 3 0 0 0 0 0 0 0 0
0 0 0 1 2 2 2 2 2 2 2 2 2 3 0 0 0 0 1 2 2 2 3 0 0 0 0 0 0 0 0 0 0 0 0 0 0 0 0 1 2 2 2 3 0 0 0 0 1 2 2 2 2 2 2 3 0 0 0 0 0 0 0 0
0 0 0 1 2 2 2 14 12 13 2 2 2 3 0 0 0 0 1 2 2 2 3 0 0 0 0 0 0 0 0 0 0 0 0 0 0 0 0 1 2 2 2 3 0 0 0 0 1 2 2 2 2 2 2 3 0 0 0 0 0 0 0 0
0 0 0 1 2 2 2 3 0 1 2 2 2 3 0 0 0 0 1 2 2 2 3 0 0 0 0 0 0 0 0 0 0 0 0 0 0 0 0 1 2 2 2 3 0 0 0 0 1 2 2 2 2 2 2 3 0 0 0 0 0 0 0 0
0 0 0 1 2 2 2 3 0 1 2 2 2 11 4 4 4 4 5 2 2 2 11 4 4 4 4 4 4 4 4 4 4 4 4 4 4 4 4 5 2 2 2 11 4 4 4 4 5 2 2 2 2 2 2 3 0 0 0 0 0 0 0 0
0 0 0 1 2 2 2 3 0 1 2 2 2 2 2 2 2 2 2 2 2 2 2 2 2 2 2 2 2 2 2 2 2 2 2 2 2 2 2 2 2 2 2 2 2 2 2 2 2 2 2 2 2 2 2 3 0 0 0 0 0 0 0 0
0 0 0 1 2 2 2 3 0 1 2 2 2 2 2 2 2 2 2 2 2 2 2 2 2 2 2 2 2 2 2 2 2 2 2 2 2 2 2 2 2 2 2 2 2 2 2 2 2 2 2 2 2 2 2 3 0 0 0 0 0 0 0 0
0 0 0 1 2 2 2 3 0 1 2 2 2 2 2 2 2 2 2 2 2 2 2 2 2 2 2 2 2 2 2 2 2 2 2 2 2 2 2 2 2 2 2 2 2 2 2 2 2 2 2 2 2 2 2 3 0 0 0 0 0 0 0 0
0 0 0 1 2 2 2 3 0 18 12 12 12 12 12 12 12 12 12 12 12 12 12 12 12 12 12 12 12 12 12 12 12 12 12 12 12 12 12 12 12 12 12 12 12 12 12 12 12 12 12 12 12 12 12 19 0 0 0 0 0 0 0 0
m_sprite_attribute_table.b[] 256 1
48 18 2 20 40 18 2 43 38 18 2 52 30 18 2 45 28 18 2 44 20 18 2 49 18 18 2 54 10 18 2 20 8 18 2 1 0 18 2 20 58 ca ec 2a 18 ca ec 2b 17 7 f8 3d f7 7 f9 6c 17 7 f8 6b 37 7 f8 6a
57 7 f8 69 77 7 f8 6f 97 7 f8 6e b7 7 f8 6d 0 0 1 0 0 0 1 0 0 0 1 0 0 0 1 0 0 0 1 0 0 0 1 0 0 0 1 0 0 0 1 0 0 0 1 0 0 0 1 0 0 0 1 0 0 0 1 0
0 0 1 0 0 0 1 0 0 0 1 0 0 0 1 0 0 0 1 0 0 0 1 0 0 0 1 0 0 0 1 0 0 0 1 0 0 0 1 0 0 0 1 0 0 0 1 0 0 0 1 0 0 0 1 0 0 0 1 0 0 0 1 0
0 0 1 0 0 0 1 0 0 0 1 0 0 0 1 0 0 0 1 0 0 0 1 0 0 0 1 0 0 0 1 0 0 0 1 0 0 0 1 0 0 0 1 0 0 0 1 0 0 0 1 0 0 0 1 0 0 0 1 0 0 0 1 0
m_scroll_data_table[] 512 1
0 0 0 0 0 0 0 0 0 0 0 0 0 0 0 0 0 0 0 0 0 0 0 0 0 0 0 0 0 0 0 0 0 0 0 0 0 0 0 0 0 0 0 0 0 0 0 0 0 0 0 0 0 0 0 0 0 0 0 0 0 0 0 0
0 0 0 0 0 0 0 0 0 0 0 0 0 0 0 0 0 0 0 0 0 0 0 0 0 0 0 0 0 0 0 0 0 0 0 0 0 0 0 0 0 0 0 0 0 0 0 0 0 0 0 0 0 0 0 0 0 0 0 0 0 0 0 0
0 0 0 0 0 0 0 0 0 0 0 0 0 0 0 0 0 0 0 0 0 0 0 0 0 0 0 0 0 0 0 0 0 0 0 0 0 0 0 0 0 0 0 0 0 0 0 0 0 0 0 0 0 0 0 0 0 0 0 0 0 0 0 0
5 5 5 5 5 5 5 5 5 5 5 5 5 5 5 5 5 5 5 5 5 5 5 5 5 5 5 5 5 5 5 5 0 0 0 0 0 0 0 0 0 0 0 0 0 0 0 0 0 0 0 0 0 0 0 0 0 0 0 0 0 0 0 0
0 0 0 0 0 0 0 0 0 0 0 0 0 0 0 0 0 0 0 0 0 0 0 0 0 0 0 0 0 0 0 0 0 0 0 0 0 0 0 0 0 0 0 0 0 0 0 0 0 0 0 0 0 0 0 0 0 0 0 0 0 0 0 0
0 0 0 0 0 0 0 0 0 0 0 0 0 0 0 0 0 0 0 0 0 0 0 0 0 0 0 0 0 0 0 0 0 0 0 0 0 0 0 0 0 0 0 0 0 0 0 0 0 0 0 0 0 0 0 0 0 0 0 0 0 0 0 0
0 0 0 0 0 0 0 0 0 0 0 0 0 0 0 0 0 0 0 0 0 0 0 0 0 0 0 0 0 0 0 0 0 0 0 0 0 0 0 0 0 0 0 0 0 0 0 0 0 0 0 0 0 0 0 0 0 0 0 0 0 0 0 0
0 0 0 0 0 0 0 0 0 0 0 0 0 0 0 0 0 0 0 0 0 0 0 0 0 0 0 0 0 0 0 0 0 0 0 0 0 0 0 0 0 0 0 0 0 0 0 0 0 0 0 0 0 0 0 0 0 0 0 0 0 0 0 0
m_colour_palette[] 768 1
0 0 0 3f 3f 3f 0 0 0 18 18 18 3f 0 0 3f 0 3f 3f 0 3f 3f 0 3f 3f 0 3f 3f 0 3f 3f 0 3f 3f 0 3f 3f 0 3f 3f 0 3f 3f 0 3f 3f 0 3f 0 0 0 3f 0 3f 3f 0 3f 3f 0 3f 3f 0 3f 3f
0 3f 3f 0 3f 3f 0 3f 3f 0 3f 3f 0 3f 30 3f 38 38 3f 3f 3b 35 3d 3d 2b 3a 3f 0 3f 3f 0 3f 0 0 0 3f 3b 30 3f 35 29 3f 2f 21 3f 29 1a 3f 24 14 3e 1f f 3d 1a 9 36 3f 3f 2e 39 3f 25 33
3f 1d 2d 3f 14 26 3f a 1f 3f 0 18 3e 3f 0 3f 0 0 0 33 2f 26 33 2b 21 33 25 1b 33 21 15 32 1d 10 31 19 c 31 14 7 2b 32 33 25 2d 33 1e 29 33 17 25 33 10 1f 33 8 19 32 0 13 31 3f 0 3f
0 0 0 1f 3f 29 27 3f 31 30 3f 38 38 3f 3f 3b 35 3d 3d 2b 3a 3f 20 37 33 30 34 27 3f 31 3f 0 3f 3f 0 3f 3f 0 3f 3f 0 3f 3f 0 3f 3f 0 3f 0 0 0 3f 2d 0 37 1b 0 3f 0 0 37 37 37 0
1b 37 3f 0 0 37 37 0 37 37 37 0 0 0 3f 0 0 37 37 37 3f 0 3f 3f 0 3f 3f 0 3f 3f 0 3f 0 0 0 33 25 0 2a 15 0 33 0 0 2a 2a 2a 0 15 2a 33 0 0 2a 2a 0 2a 2a 2a 0 0 0 33 0
0 2a 2a 2a 3f 37 25 3f 1f 32 3f 0 3f 3f 0 3f 0 0 0 3f 3f 3f 27 26 3f 25 19 3f 18 8 33 25 1b 21 32 21 11 3f 23 2 3f 30 15 3f 38 2b 3f d 0 3f 1e 15 3f 2f 2b 3f 0 3f 3f 0 3f 3f 0 3f
0 0 0 2d 25 3f 2d 21 3f 2d 1c 3f 2d 17 3f 2c 11 3f 2c b 3f 0 a 10 3f 0 3f 3f 0 3f 3f 0 3f 3f 0 3f 3f 0 3f 3f 0 3f 3f 0 3f 3f 0 3f 0 0 0 3f 3f 3f 35 35 34 2b 2b 25 1f 1f 16 19
17 10 10 c 9 8 4 0 2d 3a 3f 1a 2f 3f d 25 3b 0 1b 37 0 f 27 3f 2b 2b 3f 0 0 2f 0 0 0 0 0 37 37 37 2f 2f 32 26 26 2d 1e 1e 29 16 16 24 3f 1a 1a 2f 0 0 1e 0 0 e 0 0 3f 3f
0 37 37 0 28 28 0 19 19 0 1d 3f 1d f 37 f 0 0 0 0 2d 0 0 22 0 0 18 0 0 8 0 33 33 33 28 28 27 1e 1e 1b 13 12 d c b 8 3 2 2 0 0 0 25 2f 33 15 25 33 a 1d 2f 0 15 2a
0 0 0 0 a 1a 33 23 23 33 0 0 22 0 0 2a 2a 2a 23 23 25 1c 1c 21 15 15 1c e e 17 33 15 15 22 0 0 12 0 0 1 0 0 33 33 0 2a 2a 0 0 0 0 1b 1b 0 d d 0 17 33 17 b 2a b 0
21 0 0 15 0 0 b 0 0 0 0 3f 0 3f 3f 0 3f 3f 0 3f 3f 0 3f 3f 0 3f 3f 0 3f 3f 0 3f 0 0 0 3f 3f 3f 20 20 20 0 0 0 0 0 0 16 16 16 2e 2e 2e 3f 0 0 3e 1e 1e 3e 30 30 3f 3f
0 0 0 3f 3f 0 3f 3f 0 3f 3f 0 3f 3f 0 3f 0 0 0 10 a 4 12 c 6 16 e 8 1a 10 a 1e 12 c 22 14 e 26 16 12 32 1c 10 32 1e 12 34 22 14 36 26 18 36 28 1a 38 2c 1c 3a 30 20 3e 0 3e
m_base_addr[] 16 4
0 0 0 0 0 0 0 0 0 0 0 0 0 0 0 0
