frame 2200
m_md 3
m_page_x 40
m_page_y 20
m_page_size 0
m_pattern_size 0
m_bits16 1
m_pny_shift 6
m_na8_mask f
m_base_y_shift 2
m_h_div_size 0
m_v_div_size 0
m_col_shift 8
m_flip 0
m_zron 0
m_dspe 1
m_dckm 0
m_h_display_size 3
m_v_display_size 3
m_roz_wrap_disable 0
m_scroll_wrap_disable 0
m_planeA_trans_enable 0
m_planeB_trans_enable 0
m_priority_mode 0
m_cbdr 0
m_yse 0
m_scm 0
m_planeA_color_fetch 0
m_planeB_color_fetch 0
m_sprite_color_fetch 0
m_mosaic_aplane 0
m_mosaic_bplane 0
m_sprite_disable 0
m_sprite_aux_mode 1
m_sprite_aux_reg 0
m_border_color 0
m_sprite_bank 0
m_namcond1_gfxbank 2
m_vblank_irq_mask 1
m_raster_irq_mask 1
m_raster_irq_hpos 0
m_raster_irq_vpos 0
m_raster_irq_mode 0
m_ax 0
m_ay 0
m_dx 0
m_dy 0
m_dxy 0
m_dyx 0
m_raw_ax 0
m_raw_ay 0
m_raw_dx 0
m_raw_dy 0
m_raw_dxy 0
m_raw_dyx 0
m_crtc.htotal 324
m_crtc.vtotal 105
m_crtc.display_hstart 6c
m_crtc.display_vstart 1a
m_crtc.display_width 240
m_crtc.display_height e0
m_crtc.display_hsync 30
m_crtc.display_vsync 3
m_crtc.border_width 20
m_crtc.border_height 0
m_screen_status 0
m_ba_plane_scroll_select 1
m_plane_select_access 0
m_xtile_ptr 1b
m_ytile_ptr 0
m_pattern_name_table[] 4096 1
d 2 0 2 35 2 4a 2 5e 2 71 2 89 2 9e 2 0 2 0 2 0 2 0 2 0 2 0 2 0 2 0 2 0 2 0 2 0 2 0 2 0 2 0 2 0 2 0 2 0 2 0 2 0 2 0 2 0 2 3e 3 53 3 6b 3
7f 3 9b 3 b5 3 0 2 53 52 52 52 53 52 52 52 53 52 52 52 53 52 52 52 53 54 fa fa 49 fa fa fa 49 fa fa fa 0 0 0 0 0 0 0 0 0 0 0 0 0 0 0 0 0 0 0 0 0 0 0 0 0 0 0 0
c 2 1c 2 34 2 49 2 5d 2 70 2 88 2 9d 2 0 2 0 2 0 2 0 2 0 2 0 2 0 2 0 2 0 2 0 2 0 2 0 2 0 2 0 2 0 2 0 2 0 2 0 2 0 2 0 2 2b 3 3d 3 52 3 6a 3
7e 3 9a 3 b4 3 0 2 67 7d 66 66 66 7a 66 7d 66 66 66 7a 66 77 76 67 67 95 fa c1 ec ed ee ef f0 c3 80 fa 0 0 0 0 0 0 0 0 0 0 0 0 0 0 0 0 0 0 0 0 0 0 0 0 0 0 0 0
b 2 1b 2 33 2 48 2 5c 2 0 2 0 2 0 2 0 2 0 2 0 2 0 2 0 2 0 2 0 2 0 2 0 2 0 2 5b 7 6f 7 7a 4 87 4 92 4 9e 4 0 2 0 2 0 2 0 2 2a 3 3c 3 51 3 69 3
7d 3 99 3 0 2 0 2 67 70 74 74 74 71 66 70 74 74 74 71 66 70 78 78 78 95 4e cd f8 f9 f1 f2 f3 ea 8f fa 0 0 0 0 0 0 0 0 0 0 0 0 0 0 0 0 0 0 0 0 0 0 0 0 0 0 0 0
0 2 0 2 32 2 0 2 0 2 0 2 87 2 87 2 87 2 87 2 0 2 0 2 0 2 0 2 0 2 0 2 20 4 36 4 5a 7 6e 7 76 7 86 4 91 4 9d 4 0 2 0 2 0 2 0 2 29 3 3b 3 0 2 68 3
7c 3 f0 3 0 2 0 2 79 79 79 79 79 6b 66 6a 79 79 79 6b 67 6a 6b 66 6a 95 4c cb f6 f7 f8 f9 f1 e8 8d fa 0 0 0 0 0 0 0 0 0 0 0 0 0 0 0 0 0 0 0 0 0 0 0 0 0 0 0 0
0 2 0 2 31 2 0 2 0 2 6f 2 86 2 9c 2 9c 2 be 2 cd 2 0 2 f2 2 7 3 17 3 9 4 1f 4 35 4 59 7 6d 7 75 7 85 4 90 4 9c 4 0 2 0 2 0 2 0 2 0 2 3a 3 50 3 67 3
7b 3 ef 3 1 4 0 2 67 77 76 66 66 66 66 66 66 66 66 66 66 77 76 66 67 95 fa d2 f4 f5 f6 f7 f8 de 80 fa 0 0 0 0 0 0 0 0 0 0 0 0 0 0 0 0 0 0 0 0 0 0 0 0 0 0 0 0
0 2 0 2 0 2 0 2 0 2 64 2 85 2 9b 2 ad 2 bd 2 cc 2 dd 2 cb 3 dc 3 16 3 8 4 1e 4 34 4 58 7 6c 7 74 7 84 4 8f 4 9b 4 0 2 0 2 0 2 0 2 0 2 0 2 0 2 0 2
7a 3 ee 3 0 4 0 2 67 70 71 66 7d 66 66 66 7a 66 77 76 66 70 71 66 77 95 fa d0 f2 f3 f4 f5 f6 e5 80 fa 0 0 0 0 0 0 0 0 0 0 0 0 0 0 0 0 0 0 0 0 0 0 0 0 0 0 0 0
0 2 1a 2 30 2 47 2 5b 2 6e 2 84 2 9a 2 a9 2 b1 2 c2 2 0 2 ca 3 db 3 15 3 7 4 1d 4 33 4 57 7 6b 7 73 7 83 4 8e 4 9a 4 0 2 0 2 0 2 0 2 0 2 0 2 4f 3 0 2
0 2 ed 3 0 2 0 2 79 79 6b 66 7b 66 66 66 7a 66 77 6e 79 79 6b 66 77 95 49 ce f9 f1 f2 f3 f4 e3 8a fa 0 0 0 0 0 0 0 0 0 0 0 0 0 0 0 0 0 0 0 0 0 0 0 0 0 0 0 0
a 2 19 2 2f 2 46 2 5a 2 6d 2 83 2 99 2 ac 2 bc 2 c2 2 0 2 c9 3 da 3 14 3 0 2 1c 4 32 4 56 7 6a 7 72 7 82 4 8d 4 99 4 0 2 0 2 0 2 0 2 0 2 0 2 4e 3 66 3
0 2 ec 3 ff 3 0 2 66 66 66 66 7c 66 66 66 7a 66 77 76 67 67 67 66 77 95 47 cc f7 f8 f9 f1 f2 e1 88 fa 0 0 0 0 0 0 0 0 0 0 0 0 0 0 0 0 0 0 0 0 0 0 0 0 0 0 0 0
9 2 0 2 2e 2 45 2 59 2 6c 2 78 2 8e 2 a2 2 b2 2 c2 2 0 2 c8 3 d9 3 13 3 6 4 1b 4 31 4 55 7 69 7 71 7 81 4 8c 4 98 4 0 2 b0 4 b5 4 1f 3 0 2 39 3 4d 3 65 3
79 3 eb 3 fe 3 0 2 66 77 76 66 72 74 74 74 73 66 70 71 67 77 76 66 70 95 fa ca f5 f6 f7 f8 f9 df 80 fa 0 0 0 0 0 0 0 0 0 0 0 0 0 0 0 0 0 0 0 0 0 0 0 0 0 0 0 0
8 2 18 2 2d 2 44 2 58 2 6b 2 82 2 98 2 ab 2 bb 2 cb 2 dc 2 0 2 0 2 12 3 5 4 1a 4 30 4 54 7 68 7 70 7 80 4 8b 4 97 4 a3 4 af 4 b4 4 1e 3 0 2 38 3 4c 3 64 3
78 3 ea 3 fd 3 0 2 79 6f 6e 79 79 6b 66 6a 79 79 79 6b 67 77 76 66 6a 95 fa c8 f3 f4 f5 f6 f7 dd 80 fa 0 0 0 0 0 0 0 0 0 0 0 0 0 0 0 0 0 0 0 0 0 0 0 0 0 0 0 0
0 2 17 2 2c 2 43 2 57 2 6a 2 81 2 97 2 aa 2 ba 2 ca 2 db 2 c7 3 d8 3 11 3 5 4 5 4 2f 4 45 4 5c 4 72 4 7f 4 8a 4 96 4 0 2 0 2 0 2 1d 3 28 3 0 2 4b 3 63 3
77 3 e9 3 fc 3 ba 3 66 66 66 66 66 66 66 66 66 66 66 66 66 66 66 66 66 95 44 c6 f1 f2 f3 f4 f5 db 85 fa 0 0 0 0 0 0 0 0 0 0 0 0 0 0 0 0 0 0 0 0 0 0 0 0 0 0 0 0
0 2 16 2 2b 2 42 2 56 2 69 2 80 2 96 2 a9 2 b9 2 c9 2 da 2 c6 3 d7 3 0 2 4 4 19 4 19 4 19 4 19 4 19 4 19 4 19 4 19 4 19 4 19 4 b3 4 0 2 27 3 37 3 0 2 62 3
76 3 e8 3 fb 3 b9 3 67 7d 66 66 66 7a 66 7d 66 66 66 7a 66 77 68 78 78 96 42 c4 f8 f9 f1 f2 f3 d9 82 fa 0 0 0 0 0 0 0 0 0 0 0 0 0 0 0 0 0 0 0 0 0 0 0 0 0 0 0 0
0 2 15 2 2a 2 41 2 0 2 64 2 7f 2 95 2 9b 2 b8 2 c8 2 d9 2 c5 3 d6 3 0 2 3 4 18 4 47 7 47 7 5b 4 71 4 7e 4 89 4 95 4 a2 4 a4 4 b2 4 0 2 26 3 36 3 4a 3 61 3
75 3 e7 3 fa 3 b8 3 53 52 52 52 53 52 52 52 53 52 52 52 53 52 52 52 53 54 fa fa 49 fa fa fa 49 fa fa fa 0 0 0 0 0 0 0 0 0 0 0 0 0 0 0 0 0 0 0 0 0 0 0 0 0 0 0 0
0 2 0 2 0 2 0 2 0 2 64 2 7e 2 94 2 a8 2 b7 2 c7 2 d8 2 c4 3 d5 3 0 2 3 4 39 7 46 7 53 7 67 7 70 4 7d 4 6b 4 94 4 a1 4 ae 4 b2 4 0 2 25 3 0 2 49 3 60 3
0 2 e6 3 f9 3 0 2 9 9 9 9 9 9 18 17 17 17 17 17 1d 1e 2e 2b 2b 95 fa c1 ec ed ee ef f0 c3 80 fa 0 0 0 0 0 0 0 0 0 0 0 0 0 0 0 0 0 0 0 0 0 0 0 0 0 0 0 0
0 2 0 2 29 2 40 2 0 2 64 2 7d 2 93 2 a7 2 7d 2 c6 2 d7 2 c3 3 d4 3 10 3 3 4 38 7 45 7 52 7 66 7 6f 4 6b 4 6b 4 94 4 6b 4 ad 4 b2 4 0 2 24 3 0 2 0 2 0 2
0 2 e5 3 f8 3 0 2 0 0 0 0 0 0 0 0 0 0 0 0 0 0 0 0 0 0 0 0 0 0 0 0 0 0 0 0 0 0 0 0 0 0 0 0 0 0 0 0 0 0 0 0 0 0 0 0 0 0 0 0 0 0 0 0
7 2 14 2 28 2 3f 2 55 2 68 2 7c 2 92 2 a6 2 b6 2 c1 2 d6 2 c2 3 d3 3 f 3 3 4 37 7 44 7 51 7 65 7 6e 4 6b 4 6b 4 94 4 6b 4 ac 4 b2 4 1c 3 23 3 35 3 48 3 5f 3
0 2 e4 3 f7 3 0 2 0 0 0 0 0 0 0 0 0 0 0 0 0 0 0 0 0 0 0 0 0 0 0 0 0 0 0 0 0 0 0 0 0 0 0 0 0 0 0 0 0 0 0 0 0 0 0 0 0 0 0 0 0 0 0 0
6 2 0 2 27 2 3e 2 54 2 67 2 7b 2 91 2 a5 2 b5 2 c5 2 d5 2 c1 3 d2 3 e 3 3 4 36 7 43 7 50 7 64 7 6d 4 6b 4 6b 4 94 4 6b 4 ab 4 b2 4 1b 3 d5 2 34 3 47 3 5e 3
74 3 e3 3 f6 3 0 2 0 0 0 0 0 0 0 0 0 0 0 0 0 0 0 0 0 0 0 0 0 0 0 0 0 0 0 0 0 0 0 0 0 0 0 0 0 0 0 0 0 0 0 0 0 0 0 0 0 0 0 0 0 0 0 0
5 2 0 2 26 2 3d 2 53 2 66 2 7a 2 90 2 a4 2 b4 2 c4 2 d4 2 c0 3 d1 3 d 3 3 4 13 4 42 7 42 7 63 7 6c 4 6b 4 6b 4 94 4 6b 4 aa 4 b2 4 1a 3 0 2 33 3 46 3 5d 3
73 3 e2 3 f5 3 0 2 0 0 0 0 6 4 4 4 4 4 4 4 4 4 4 4 4 4 4 4 4 4 4 4 4 4 4 4 4 4 4 4 4 4 4 4 4 4 4 4 4 4 4 4 7 0 0 0 0 6 4 4 4 4 4 4
4 2 13 2 25 2 3c 2 52 2 65 2 79 2 8f 2 a3 2 b3 2 c3 2 d3 2 bf 3 d0 3 c 3 3 4 35 7 41 7 4f 7 62 7 6b 4 6b 4 6b 4 94 4 6b 4 6b 4 b2 4 19 3 22 3 32 3 0 2 5c 3
72 3 e1 3 f4 3 0 2 0 0 0 0 1 2 2 2 b c d 2 2 2 2 2 2 2 2 2 2 2 2 2 2 2 2 2 2 2 2 2 2 2 2 2 2 2 2 2 2 2 2 2 3 0 0 0 0 1 2 2 2 2 2 2
0 2 12 2 24 2 3b 2 51 2 64 2 78 2 8e 2 a2 2 b2 2 c2 2 d2 2 be 3 cf 3 b 3 3 4 34 7 40 7 4e 7 61 7 6b 4 6b 4 6b 4 94 4 6b 4 6b 4 b2 4 18 3 21 3 31 3 45 3 5b 3
71 3 e0 3 f3 3 0 2 0 0 0 0 1 2 2 2 14 12 13 2 2 2 2 2 2 2 2 2 2 2 2 2 2 2 2 2 2 2 2 2 2 2 2 2 2 2 2 2 2 2 2 2 2 2 2 3 0 1 2 2 2 14 12 12
0 2 0 2 23 2 0 2 0 2 64 2 77 2 8d 2 a1 2 b1 2 c2 2 0 2 bd 3 ce 3 a 3 3 4 33 7 3f 7 4d 7 60 7 6a 4 6b 4 6b 4 94 4 6b 4 a9 4 b2 4 0 2 0 2 30 3 0 2 5a 3
70 3 df 3 f2 3 0 2 4 4 4 4 5 2 2 2 3 0 1 2 2 2 2 2 2 2 2 2 2 2 2 2 2 2 2 2 2 2 2 2 2 2 2 2 2 2 2 2 2 2 2 2 2 2 2 3 0 1 2 2 2 3 0 0
0 2 0 2 22 2 0 2 0 2 64 2 76 2 8c 2 a0 2 b0 2 c2 2 d1 2 bc 3 cd 3 0 2 3 4 32 7 3e 7 4c 7 5f 7 69 4 6b 4 6b 4 94 4 6b 4 a8 4 b2 4 0 2 0 2 2f 3 44 3 59 3
6f 3 de 3 f1 3 0 2 2 2 2 2 2 2 2 2 3 0 1 2 2 2 3 0 1 2 2 2 3 0 0 0 0 0 0 0 0 0 0 0 0 0 0 0 0 0 0 0 1 2 2 2 2 2 2 3 0 1 2 2 2 3 0 0
0 2 0 2 0 2 0 2 50 2 63 2 75 2 8b 2 9f 2 af 2 c1 2 d0 2 bb 3 cc 3 0 2 3 4 31 7 3d 7 4b 7 5e 7 68 4 6b 4 6b 4 94 4 6b 4 a7 4 b2 4 0 2 0 2 0 2 0 2 0 2
0 2 dd 3 0 2 0 2 12 13 2 2 2 2 2 2 3 0 1 2 2 2 3 0 1 2 2 2 3 0 0 0 0 0 0 0 0 0 0 0 0 0 0 0 0 0 0 0 1 2 2 2 2 2 2 3 0 1 2 2 2 3 0 0
0 2 11 2 21 2 3a 2 4f 2 62 2 74 2 8a 2 8a 2 ae 2 c0 2 cf 2 df 2 f4 2 9 3 3 4 30 7 3c 7 4a 7 5d 7 67 4 6b 4 6b 4 94 4 6b 4 a6 4 b2 4 0 2 0 2 0 2 43 3 58 3
0 2 0 2 0 2 0 2 0 1 2 2 2 2 2 2 11 4 5 2 2 2 3 0 1 2 2 2 11 4 4 4 4 4 4 4 4 4 4 4 4 4 4 7 0 0 0 0 1 2 2 2 2 2 2 3 0 1 2 2 2 3 0 0
3 2 10 2 20 2 39 2 4e 2 61 2 73 2 73 2 73 2 73 2 bf 2 ce 2 de 2 f3 2 8 3 3 4 2f 7 3b 7 49 7 5c 7 66 4 7c 4 6b 4 94 4 a0 4 a5 4 b2 4 0 2 0 2 0 2 42 3 57 3
0 2 0 2 0 2 0 2 0 1 2 2 2 2 2 2 2 2 2 2 2 2 3 0 1 2 15 16 2 2 2 2 2 2 2 2 2 2 2 2 2 2 2 3 0 0 0 0 1 2 2 2 2 2 2 3 0 1 2 2 2 3 0 0
2 2 0 2 1f 2 38 2 4d 2 0 2 0 2 0 2 0 2 0 2 0 2 0 2 0 2 0 2 0 2 3 4 b 4 3a 7 48 7 4e 4 65 4 7b 4 88 4 93 4 9f 4 a4 4 b2 4 0 2 0 2 2e 3 41 3 56 3
6e 3 82 3 0 2 0 2 0 1 2 2 2 14 12 12 12 12 13 2 2 2 3 0 1 2 2 2 2 2 2 2 2 2 2 2 2 2 2 2 2 2 2 3 0 0 0 0 1 2 2 2 2 2 2 2 2 2 2 2 2 2 2 2
1 2 f 2 1e 2 37 2 4c 2 60 2 0 2 0 2 0 2 0 2 0 2 0 2 0 2 0 2 0 2 2 4 a 4 a 4 a 4 a 4 a 4 a 4 a 4 a 4 a 4 a 4 b1 4 0 2 0 2 2d 3 40 3 55 3
6d 3 81 3 9d 3 b7 3 4 5 2 2 2 3 0 0 0 0 1 2 2 2 3 0 1 2 2 2 2 2 2 2 2 2 2 2 2 2 2 2 2 2 2 3 0 0 0 0 1 2 2 2 2 2 17 2 2 2 2 2 2 2 2 2
0 2 e 2 1d 2 36 2 4b 2 5f 2 72 2 0 2 0 2 0 2 0 2 0 2 0 2 0 2 0 2 0 2 0 2 0 2 0 2 0 2 0 2 0 2 0 2 0 2 0 2 0 2 0 2 0 2 20 3 2c 3 3f 3 54 3
6c 3 80 3 9c 3 b6 3 2 2 2 2 2 3 0 0 0 0 1 2 2 2 3 0 0 0 0 0 0 0 0 0 0 0 0 0 0 0 0 1 2 2 2 3 0 0 0 0 1 2 2 2 2 2 2 3 0 0 0 0 0 0 0 0
0 0 0 1 2 2 2 2 2 2 2 2 2 3 0 0 0 0 1 2 2 2 3 0 0 0 0 0 0 0 0 0 0 0 0 0 0 0 0 1 2 2 2 3 0 0 0 0 1 2 2 2 2 2 2 3 0 0 0 0 0 0 0 0
0 0 0 1 2 2 2 14 12 13 2 2 2 3 0 0 0 0 1 2 2 2 3 0 0 0 0 0 0 0 0 0 0 0 0 0 0 0 0 1 2 2 2 3 0 0 0 0 1 2 2 2 2 2 2 3 0 0 0 0 0 0 0 0
0 0 0 1 2 2 2 3 0 1 2 2 2 3 0 0 0 0 1 2 2 2 3 0 0 0 0 0 0 0 0 0 0 0 0 0 0 0 0 1 2 2 2 3 0 0 0 0 1 2 2 2 2 2 2 3 0 0 0 0 0 0 0 0
0 0 0 1 2 2 2 3 0 1 2 2 2 11 4 4 4 4 5 2 2 2 11 4 4 4 4 4 4 4 4 4 4 4 4 4 4 4 4 5 2 2 2 11 4 4 4 4 5 2 2 2 2 2 2 3 0 0 0 0 0 0 0 0
0 0 0 1 2 2 2 3 0 1 2 2 2 2 2 2 2 2 2 2 2 2 2 2 2 2 2 2 2 2 2 2 2 2 2 2 2 2 2 2 2 2 2 2 2 2 2 2 2 2 2 2 2 2 2 3 0 0 0 0 0 0 0 0
0 0 0 1 2 2 2 3 0 1 2 2 2 2 2 2 2 2 2 2 2 2 2 2 2 2 2 2 2 2 2 2 2 2 2 2 2 2 2 2 2 2 2 2 2 2 2 2 2 2 2 2 2 2 2 3 0 0 0 0 0 0 0 0
0 0 0 1 2 2 2 3 0 1 2 2 2 2 2 2 2 2 2 2 2 2 2 2 2 2 2 2 2 2 2 2 2 2 2 2 2 2 2 2 2 2 2 2 2 2 2 2 2 2 2 2 2 2 2 3 0 0 0 0 0 0 0 0
0 0 0 1 2 2 2 3 0 18 12 12 12 12 12 12 12 12 12 12 12 12 12 12 12 12 12 12 12 12 12 12 12 12 12 12 12 12 12 12 12 12 12 12 12 12 12 12 12 12 12 12 12 12 12 19 0 0 0 0 0 0 0 0
m_sprite_attribute_table.b[] 256 1
48 18 2 20 40 18 2 43 38 18 2 52 30 18 2 45 28 18 2 44 20 18 2 49 18 18 2 54 10 18 2 20 8 18 2 1 0 18 2 20 88 ca ec 28 48 ca ec 29 17 7 f8 3d 47 b0 14 3f 57 b0 14 3e c7 b0 14 3d
d7 b0 14 3c f7 7 f9 6c 17 7 f8 6b 37 7 f8 6a 57 7 f8 69 77 7 f8 6f 97 7 f8 6e b7 7 f8 6d be b1 d4 31 1e b1 d5 96 e b1 d5 7e fe b1 d4 8e ee b1 d4 86 12 b0 d5 3b 2 b0 d5 3b f2 b0 d4 3b
e2 b0 d4 3b d2 b0 d4 3b c2 b0 d4 3b 0 0 1 0 0 0 1 0 0 0 1 0 0 0 1 0 0 0 1 0 0 0 1 0 0 0 1 0 0 0 1 0 0 0 1 0 0 0 1 0 0 0 1 0 0 0 1 0 0 0 1 0
0 0 1 0 0 0 1 0 0 0 1 0 0 0 1 0 0 0 1 0 0 0 1 0 0 0 1 0 0 0 1 0 0 0 1 0 0 0 1 0 0 0 1 0 0 0 1 0 0 0 1 0 0 0 1 0 0 0 1 0 0 0 1 0
m_scroll_data_table[] 512 1
0 0 0 0 0 0 0 0 0 0 0 0 0 0 0 0 0 0 0 0 0 0 0 0 0 0 0 0 0 0 0 0 0 0 0 0 0 0 0 0 0 0 0 0 0 0 0 0 0 0 0 0 0 0 0 0 0 0 0 0 0 0 0 0
0 0 0 0 0 0 0 0 0 0 0 0 0 0 0 0 0 0 0 0 0 0 0 0 0 0 0 0 0 0 0 0 0 0 0 0 0 0 0 0 0 0 0 0 0 0 0 0 0 0 0 0 0 0 0 0 0 0 0 0 0 0 0 0
0 0 0 0 0 0 0 0 0 0 0 0 0 0 0 0 0 0 0 0 0 0 0 0 0 0 0 0 0 0 0 0 0 0 0 0 0 0 0 0 0 0 0 0 0 0 0 0 0 0 0 0 0 0 0 0 0 0 0 0 0 0 0 0
1 1 1 1 1 1 1 1 1 1 1 1 1 1 1 1 1 1 1 1 1 1 1 1 1 1 1 1 1 1 1 1 0 0 0 0 0 0 0 0 0 0 0 0 0 0 0 0 0 0 0 0 0 0 0 0 0 0 0 0 0 0 0 0
0 0 0 0 0 0 0 0 0 0 0 0 0 0 0 0 0 0 0 0 0 0 0 0 0 0 0 0 0 0 0 0 0 0 0 0 0 0 0 0 0 0 0 0 0 0 0 0 0 0 0 0 0 0 0 0 0 0 0 0 0 0 0 0
0 0 0 0 0 0 0 0 0 0 0 0 0 0 0 0 0 0 0 0 0 0 0 0 0 0 0 0 0 0 0 0 0 0 0 0 0 0 0 0 0 0 0 0 0 0 0 0 0 0 0 0 0 0 0 0 0 0 0 0 0 0 0 0
0 0 0 0 0 0 0 0 0 0 0 0 0 0 0 0 0 0 0 0 0 0 0 0 0 0 0 0 0 0 0 0 0 0 0 0 0 0 0 0 0 0 0 0 0 0 0 0 0 0 0 0 0 0 0 0 0 0 0 0 0 0 0 0
0 0 0 0 0 0 0 0 0 0 0 0 0 0 0 0 0 0 0 0 0 0 0 0 0 0 0 0 0 0 0 0 0 0 0 0 0 0 0 0 0 0 0 0 0 0 0 0 0 0 0 0 0 0 0 0 0 0 0 0 0 0 0 0
m_colour_palette[] 768 1
0 0 0 3f 3f 3f 0 0 0 18 18 18 3f 0 0 3f 0 3f 3f 0 3f 3f 0 3f 3f 0 3f 3f 0 3f 3f 0 3f 3f 0 3f 3f 0 3f 3f 0 3f 3f 0 3f 3f 0 3f 0 0 0 33 2b 21 33 21 15 31 14 7 3f 37 25 0
33 3f 0 0 0 0 4 1f 0 18 3e 1d 2d 3f 2f 3d 3f 38 3f 3f 3b 35 3d 3d 2b 3a 2e 39 3f 3f 0 3f 0 0 0 3f 3b 30 3f 35 29 3f 2f 21 3f 29 1a 3f 24 14 3e 1f f 3d 1a 9 36 3f 3f 2e 39 3f 25 33
3f 1d 2d 3f 14 26 3f a 1f 3f 0 18 3e 3f 0 3f 0 0 0 33 2f 26 33 2b 21 33 25 1b 33 21 15 32 1d 10 31 19 c 31 14 7 2b 32 33 25 2d 33 1e 29 33 17 25 33 10 1f 33 8 19 32 0 13 31 3f 0 3f
0 0 0 1e 36 3f 27 39 3f 2f 3d 3f 38 3f 3f 3b 35 3d 3d 2b 3a 3f 20 37 33 2d 3b 27 39 3f 3f 0 3f 3f 0 3f 3f 0 3f 3f 0 3f 3f 0 3f 3f 0 3f 0 0 0 0 0 0 3e 0 0 3e 2a 3e 0 3e 3e 3e
2a 0 0 0 3e 3e 3e 3e 3e 3e 0 3e 2e 22 3f 0 3f 3f 0 3f 3f 0 3f 3f 0 3f 3f 0 3f 3f 0 3f 0 0 0 0 0 0 31 0 0 31 21 31 0 31 31 31 21 0 0 0 31 31 31 31 31 31 0 31 25 1b 3f 37
25 0 33 3f 2b 31 38 3f 0 3f 3f 0 3f 3f 0 3f 0 0 0 3f 3f 3f 2e 2d 2b 3f 3d 0 2e 2c 0 1c 19 0 18 14 32 18 8 33 3f 25 0 2e 1d 0 1c 12 0 0 0 0 3f d 0 3f 0 3f 3f 0 3f 3f 0 3f
0 0 0 2d 25 3f 2d 21 3f 2d 1c 3f 2d 17 3f 2c 11 3f 2c b 3f 0 a 10 3f 0 3f 3f 0 3f 3e 0 3e 3f 0 3f 3f 0 3f 3f 0 3f 3f 0 3f 3f 0 3f 0 0 0 9 6 0 10 3f 3f c 32 3f 8 24 3f 4
17 3f 0 9 3f 0 5 2c 0 2 1e 3f 3f 28 3f 3d 0 3f 34 0 39 28 0 29 20 0 1c 17 0 e c 0 0 0 0 3f 3f 3f 2f 2f 2f 3f 28 0 3b 1c 0 2b 15 0 3f 0 0 33 0 0 23 0 0 0 3f 3f 0 30
32 0 22 25 3f 1a 36 35 15 2d 25 f 1e 3f 0 3f 0 0 0 0 0 0 d 33 33 a 28 33 6 1d 33 3 12 33 0 7 33 0 4 1f 0 1 11 33 33 20 33 31 0 33 2a 0 2c 1f 0 1d 16 0 f c 0 1 1 0
0 0 0 33 33 33 23 23 23 33 20 0 2e 16 0 1e f 0 33 0 0 26 0 0 16 0 0 0 32 33 0 24 25 0 16 18 33 15 2b 28 10 22 18 a 14 3f 0 3f 0 0 0 3e 0 0 38 26 1a 3f 3c 3c 3f 3f 0 3f
0 0 3f 28 3f 0 3f 3f 3f 2a 0 0 0 3e 3e 3e 3e 0 0 0 3f 0 3f 3f 0 3f 3f 0 3f 3f 0 3f 0 0 0 3f 3f 3f 20 20 20 0 0 0 0 0 0 16 16 16 2e 2e 2e 3f 0 0 3e 1e 1e 3e 30 30 3f 3f
0 0 0 3f 3f 0 3f 3f 0 3f 3f 0 3f 3f 0 3f 0 0 0 10 a 4 12 c 6 16 e 8 1a 10 a 1e 12 c 22 14 e 26 16 12 32 1c 10 32 1e 12 34 22 14 36 26 18 36 28 1a 38 2c 1c 3a 30 20 3e 0 3e
m_base_addr[] 16 4
0 0 0 0 0 0 0 0 0 0 0 0 0 0 0 0
