frame 1500
m_md 3
m_page_x 40
m_page_y 20
m_page_size 0
m_pattern_size 1
m_bits16 1
m_pny_shift 6
m_na8_mask f
m_base_y_shift 2
m_h_div_size 0
m_v_div_size 0
m_col_shift 8
m_flip 0
m_zron 0
m_dspe 1
m_dckm 0
m_h_display_size 3
m_v_display_size 3
m_roz_wrap_disable 1
m_scroll_wrap_disable 1
m_planeA_trans_enable 1
m_planeB_trans_enable 0
m_priority_mode 0
m_cbdr 0
m_yse 0
m_scm 0
m_planeA_color_fetch 0
m_planeB_color_fetch 0
m_sprite_color_fetch 0
m_mosaic_aplane 0
m_mosaic_bplane 0
m_sprite_disable 0
m_sprite_aux_mode 1
m_sprite_aux_reg 0
m_border_color 0
m_sprite_bank d0
m_namcond1_gfxbank 0
m_vblank_irq_mask 1
m_raster_irq_mask 1
m_raster_irq_hpos 0
m_raster_irq_vpos 0
m_raster_irq_mode 0
m_ax 0
m_ay 0
m_dx 0
m_dy 0
m_dxy 0
m_dyx 0
m_raw_ax 0
m_raw_ay 0
m_raw_dx 0
m_raw_dy 0
m_raw_dxy 0
m_raw_dyx 0
m_crtc.htotal 324
m_crtc.vtotal 105
m_crtc.display_hstart 6c
m_crtc.display_vstart 1a
m_crtc.display_width 240
m_crtc.display_height e0
m_crtc.display_hsync 30
m_crtc.display_vsync 3
m_crtc.border_width 20
m_crtc.border_height 0
m_screen_status 0
m_ba_plane_scroll_select 1
m_plane_select_access 0
m_xtile_ptr 12
m_ytile_ptr 0
m_pattern_name_table[] 4096 1
a6 0 aa 0 ae 0 b2 0 b6 0 ba 0 c8 0 d5 0 a1 0 de 0 e3 0 ed 0 fb 0 9 1 17 1 25 1 33 1 41 1 0 0 0 0 0 0 0 0 0 0 0 0 0 0 0 0 0 0 0 0 0 0 0 0 0 0 0 0
0 0 0 0 0 0 0 0 0 0 0 0 0 0 0 0 0 0 0 0 0 0 0 0 0 0 0 0 0 0 0 0 0 0 0 0 0 0 0 0 0 0 0 0 0 0 0 0 0 0 0 0 0 0 0 0 0 0 0 0 0 0 0 0
a5 0 a9 0 ad 0 b1 0 b5 0 b9 0 c7 0 a1 0 a1 0 dd 0 e2 0 ec 0 fa 0 8 1 16 1 24 1 32 1 40 1 0 0 0 0 0 0 0 0 0 0 0 0 0 0 0 0 0 0 0 0 0 0 0 0 0 0 0 0
0 0 0 0 0 0 0 0 0 0 0 0 0 0 0 0 0 0 0 0 0 0 0 0 0 0 0 0 0 0 0 0 0 0 0 0 0 0 0 0 0 0 0 0 0 0 0 0 0 0 0 0 0 0 0 0 0 0 0 0 0 0 0 0
a4 0 5b 0 67 0 73 0 7f 0 8b 0 c6 0 a1 0 a1 0 dc 0 e1 0 eb 0 f9 0 7 1 15 1 23 1 31 1 3f 1 0 0 0 0 0 0 0 0 0 0 0 0 0 0 0 0 0 0 0 0 0 0 0 0 0 0 0 0
0 0 0 0 0 0 0 0 0 0 0 0 0 0 0 0 0 0 0 0 0 0 0 0 0 0 0 0 0 0 0 0 0 0 0 0 0 0 0 0 0 0 0 0 0 0 0 0 0 0 0 0 0 0 0 0 0 0 0 0 0 0 0 0
a3 0 5a 0 66 0 72 0 7e 0 8a 0 c5 0 a1 0 a1 0 db 0 e0 0 ea 0 f8 0 6 1 14 1 22 1 30 1 3e 1 0 0 0 0 0 0 0 0 0 0 0 0 0 0 0 0 0 0 0 0 0 0 0 0 0 0 0 0
0 0 0 0 0 0 0 0 0 0 0 0 0 0 0 0 0 0 0 0 0 0 0 0 0 0 0 0 0 0 0 0 0 0 0 0 0 0 0 0 0 0 0 0 0 0 0 0 0 0 0 0 0 0 0 0 0 0 0 0 0 0 0 0
a2 0 59 0 65 0 71 0 7d 0 89 0 c4 0 a1 0 a1 0 a1 0 df 0 e9 0 f7 0 5 1 13 1 21 1 2f 1 3d 1 0 0 0 0 0 0 0 0 0 0 0 0 0 0 0 0 0 0 0 0 0 0 0 0 0 0 0 0
0 0 0 0 0 0 0 0 0 0 0 0 0 0 0 0 0 0 0 0 0 0 0 0 0 0 0 0 0 0 0 0 0 0 0 0 0 0 0 0 0 0 0 0 0 0 0 0 0 0 0 0 0 0 0 0 0 0 0 0 0 0 0 0
a1 0 58 0 64 0 70 0 7c 0 88 0 c3 0 a1 0 a1 0 a1 0 a1 0 e8 0 f6 0 4 1 12 1 20 1 2e 1 3c 1 0 0 0 0 0 0 0 0 0 0 0 0 0 0 0 0 0 0 0 0 0 0 0 0 0 0 0 0
0 0 0 0 0 0 0 0 0 0 0 0 0 0 0 0 0 0 0 0 0 0 0 0 0 0 0 0 0 0 0 0 0 0 0 0 0 0 0 0 0 0 0 0 0 0 0 0 0 0 0 0 0 0 0 0 0 0 0 0 0 0 0 0
a0 0 57 0 63 0 6f 0 7b 0 87 0 c2 0 a1 0 a1 0 a1 0 a1 0 e7 0 f5 0 3 1 11 1 1f 1 2d 1 3b 1 0 0 0 0 0 0 0 0 0 0 0 0 0 0 0 0 0 0 0 0 0 0 0 0 0 0 0 0
0 0 0 0 0 0 0 0 0 0 0 0 0 0 0 0 0 0 0 0 0 0 0 0 0 0 0 0 0 0 0 0 0 0 0 0 0 0 0 0 0 0 0 0 0 0 0 0 0 0 0 0 0 0 0 0 0 0 0 0 0 0 0 0
9f 0 56 0 62 0 6e 0 7a 0 86 0 c1 0 a1 0 a1 0 a1 0 a1 0 e6 0 f4 0 2 1 10 1 1e 1 2c 1 3a 1 0 0 0 0 0 0 0 0 0 0 0 0 0 0 0 0 0 0 0 0 0 0 0 0 0 0 0 0
0 0 0 0 0 0 0 0 0 0 0 0 0 0 0 0 0 0 0 0 0 0 0 0 0 0 0 0 0 0 0 0 0 0 0 0 0 0 0 0 0 0 0 0 0 0 0 0 0 0 0 0 0 0 0 0 0 0 0 0 0 0 0 0
9e 0 55 0 61 0 6d 0 79 0 85 0 c0 0 45 1 da 0 a1 0 a1 0 a1 0 f3 0 1 1 f 1 1d 1 2b 1 39 1 0 0 0 0 0 0 0 0 0 0 0 0 0 0 0 0 0 0 0 0 0 0 0 0 0 0 0 0
0 0 0 0 0 0 0 0 0 0 0 0 0 0 0 0 0 0 0 0 0 0 0 0 0 0 0 0 0 0 0 0 0 0 0 0 0 0 0 0 0 0 0 0 0 0 0 0 0 0 0 0 0 0 0 0 0 0 0 0 0 0 0 0
9d 0 54 0 60 0 6c 0 78 0 84 0 bf 0 44 1 d9 0 a1 0 a1 0 a1 0 f2 0 0 1 e 1 1c 1 2a 1 38 1 0 0 0 0 0 0 0 0 0 0 0 0 0 0 0 0 0 0 0 0 0 0 0 0 0 0 0 0
0 0 0 0 0 0 0 0 0 0 0 0 0 0 0 0 0 0 0 0 0 0 0 0 0 0 0 0 0 0 0 0 0 0 0 0 0 0 0 0 0 0 0 0 0 0 0 0 0 0 0 0 0 0 0 0 0 0 0 0 0 0 0 0
9c 0 53 0 5f 0 6b 0 77 0 83 0 be 0 43 1 d8 0 a1 0 a1 0 a1 0 f1 0 ff 0 d 1 1b 1 29 1 37 1 0 0 0 0 0 0 0 0 0 0 0 0 0 0 0 0 0 0 0 0 0 0 0 0 0 0 0 0
0 0 0 0 0 0 0 0 0 0 0 0 0 0 0 0 0 0 0 0 0 0 0 0 0 0 0 0 0 0 0 0 0 0 0 0 0 0 0 0 0 0 0 0 0 0 0 0 0 0 0 0 0 0 0 0 0 0 0 0 0 0 0 0
9b 0 52 0 5e 0 6a 0 76 0 82 0 bd 0 42 1 a1 0 a1 0 a1 0 e5 0 f0 0 fe 0 c 1 1a 1 28 1 36 1 0 0 0 0 0 0 0 0 0 0 0 0 0 0 0 0 0 0 0 0 0 0 0 0 0 0 0 0
0 0 0 0 0 0 0 0 0 0 0 0 0 0 0 0 0 0 0 0 0 0 0 0 0 0 0 0 0 0 0 0 0 0 0 0 0 0 0 0 0 0 0 0 0 0 0 0 0 0 0 0 0 0 0 0 0 0 0 0 0 0 0 0
9a 0 a8 0 ac 0 b0 0 b4 0 b8 0 bc 0 ca 0 d7 0 a1 0 a1 0 e4 0 ef 0 fd 0 b 1 19 1 27 1 35 1 0 0 0 0 0 0 0 0 0 0 0 0 0 0 0 0 0 0 0 0 0 0 0 0 0 0 0 0
0 0 0 0 0 0 0 0 0 0 0 0 0 0 0 0 0 0 0 0 0 0 0 0 0 0 0 0 0 0 0 0 0 0 0 0 0 0 0 0 0 0 0 0 0 0 0 0 0 0 0 0 0 0 0 0 0 0 0 0 0 0 0 0
99 0 a7 0 ab 0 af 0 b3 0 b7 0 bb 0 c9 0 d6 0 a1 0 a1 0 a1 0 ee 0 fc 0 a 1 18 1 26 1 34 1 0 0 0 0 0 0 0 0 0 0 0 0 0 0 0 0 0 0 0 0 0 0 0 0 0 0 0 0
0 0 0 0 0 0 0 0 0 0 0 0 0 0 0 0 0 0 0 0 0 0 0 0 0 0 0 0 0 0 0 0 0 0 0 0 0 0 0 0 0 0 0 0 0 0 0 0 0 0 0 0 0 0 0 0 0 0 0 0 0 0 0 0
0 0 0 0 0 0 0 0 0 0 0 0 0 0 0 0 0 0 0 0 0 0 0 0 0 0 0 0 0 0 0 0 0 0 0 0 0 0 0 0 0 0 0 0 0 0 0 0 0 0 0 0 0 0 0 0 0 0 0 0 0 0 0 0
0 0 0 0 0 0 0 0 0 0 0 0 0 0 0 0 0 0 0 0 0 0 0 0 0 0 0 0 0 0 0 0 0 0 0 0 0 0 0 0 0 0 0 0 0 0 0 0 0 0 0 0 0 0 0 0 0 0 0 0 0 0 0 0
0 0 0 0 0 0 0 0 0 0 0 0 0 0 0 0 0 0 0 0 0 0 0 0 0 0 0 0 0 0 0 0 0 0 0 0 0 0 0 0 0 0 0 0 0 0 0 0 0 0 0 0 0 0 0 0 0 0 0 0 0 0 0 0
0 0 0 0 0 0 0 0 0 0 0 0 0 0 0 0 0 0 0 0 0 0 0 0 0 0 0 0 0 0 0 0 0 0 0 0 0 0 0 0 0 0 0 0 0 0 0 0 0 0 0 0 0 0 0 0 0 0 0 0 0 0 0 0
0 0 0 0 0 0 0 0 0 0 0 0 0 0 0 0 0 0 0 0 0 0 0 0 0 0 0 0 0 0 0 0 0 0 0 0 0 0 0 0 0 0 0 0 0 0 0 0 0 0 0 0 0 0 0 0 0 0 0 0 0 0 0 0
0 0 0 0 0 0 0 0 0 0 0 0 0 0 0 0 0 0 0 0 0 0 0 0 0 0 0 0 0 0 0 0 0 0 0 0 0 0 0 0 0 0 0 0 0 0 0 0 0 0 0 0 0 0 0 0 0 0 0 0 0 0 0 0
0 0 0 0 0 0 0 0 0 0 0 0 0 0 0 0 0 0 0 0 0 0 0 0 0 0 0 0 0 0 0 0 0 0 0 0 0 0 0 0 0 0 0 0 0 0 0 0 0 0 0 0 0 0 0 0 0 0 0 0 0 0 0 0
0 0 0 0 0 0 0 0 0 0 0 0 0 0 0 0 0 0 0 0 0 0 0 0 0 0 0 0 0 0 0 0 0 0 0 0 0 0 0 0 0 0 0 0 0 0 0 0 0 0 0 0 0 0 0 0 0 0 0 0 0 0 0 0
0 0 0 0 0 0 0 0 0 0 0 0 0 0 0 0 0 0 0 0 0 0 0 0 0 0 0 0 0 0 0 0 0 0 0 0 0 0 0 0 0 0 0 0 0 0 0 0 0 0 0 0 0 0 0 0 0 0 0 0 0 0 0 0
0 0 0 0 0 0 0 0 0 0 0 0 0 0 0 0 0 0 0 0 0 0 0 0 0 0 0 0 0 0 0 0 0 0 0 0 0 0 0 0 0 0 0 0 0 0 0 0 0 0 0 0 0 0 0 0 0 0 0 0 0 0 0 0
0 0 0 0 0 0 0 0 0 0 0 0 0 0 0 0 0 0 0 0 0 0 0 0 0 0 0 0 0 0 0 0 0 0 0 0 0 0 0 0 0 0 0 0 0 0 0 0 0 0 0 0 0 0 0 0 0 0 0 0 0 0 0 0
0 0 0 0 0 0 0 0 0 0 0 0 0 0 0 0 0 0 0 0 0 0 0 0 0 0 0 0 0 0 0 0 0 0 0 0 0 0 0 0 0 0 0 0 0 0 0 0 0 0 0 0 0 0 0 0 0 0 0 0 0 0 0 0
0 0 0 0 0 0 0 0 0 0 0 0 0 0 0 0 0 0 0 0 0 0 0 0 0 0 0 0 0 0 0 0 0 0 0 0 0 0 0 0 0 0 0 0 0 0 0 0 0 0 0 0 0 0 0 0 0 0 0 0 0 0 0 0
0 0 0 0 0 0 0 0 0 0 0 0 0 0 0 0 0 0 0 0 0 0 0 0 0 0 0 0 0 0 0 0 0 0 0 0 0 0 0 0 0 0 0 0 0 0 0 0 0 0 0 0 0 0 0 0 0 0 0 0 0 0 0 0
0 0 0 0 0 0 0 0 0 0 0 0 0 0 0 0 0 0 0 0 0 0 0 0 0 0 0 0 0 0 0 0 0 0 0 0 0 0 0 0 0 0 0 0 0 0 0 0 0 0 0 0 0 0 0 0 0 0 0 0 0 0 0 0
0 0 0 0 0 0 0 0 0 0 0 0 0 0 0 0 0 0 0 0 0 0 0 0 0 0 0 0 0 0 0 0 0 0 0 0 0 0 0 0 0 0 0 0 0 0 0 0 0 0 0 0 0 0 0 0 0 0 0 0 0 0 0 0
0 0 0 0 0 0 0 0 0 0 0 0 0 0 0 0 0 0 0 0 0 0 0 0 0 0 0 0 0 0 0 0 0 0 0 0 0 0 0 0 0 0 0 0 0 0 0 0 0 0 0 0 0 0 0 0 0 0 0 0 0 0 0 0
0 0 0 0 0 0 0 0 0 0 0 0 0 0 0 0 0 0 0 0 0 0 0 0 0 0 0 0 0 0 0 0 0 0 0 0 0 0 0 0 0 0 0 0 0 0 0 0 0 0 0 0 0 0 0 0 0 0 0 0 0 0 0 0
0 0 0 0 0 0 0 0 0 0 0 0 0 0 0 0 0 0 0 0 0 0 0 0 0 0 0 0 0 0 0 0 0 0 0 0 0 0 0 0 0 0 0 0 0 0 0 0 0 0 0 0 0 0 0 0 0 0 0 0 0 0 0 0
0 0 0 0 0 0 0 0 0 0 0 0 0 0 0 0 0 0 0 0 0 0 0 0 0 0 0 0 0 0 0 0 0 0 0 0 0 0 0 0 0 0 0 0 0 0 0 0 0 0 0 0 0 0 0 0 0 0 0 0 0 0 0 0
0 0 0 0 0 0 0 0 0 0 0 0 0 0 0 0 0 0 0 0 0 0 0 0 0 0 0 0 0 0 0 0 0 0 0 0 0 0 0 0 0 0 0 0 0 0 0 0 0 0 0 0 0 0 0 0 0 0 0 0 0 0 0 0
0 0 0 0 0 0 0 0 0 0 0 0 0 0 0 0 0 0 0 0 0 0 0 0 0 0 0 0 0 0 0 0 0 0 0 0 0 0 0 0 0 0 0 0 0 0 0 0 0 0 0 0 0 0 0 0 0 0 0 0 0 0 0 0
0 0 0 0 0 0 0 0 0 0 0 0 0 0 0 0 0 0 0 0 0 0 0 0 0 0 0 0 0 0 0 0 0 0 0 0 0 0 0 0 0 0 0 0 0 0 0 0 0 0 0 0 0 0 0 0 0 0 0 0 0 0 0 0
0 0 0 0 0 0 0 0 0 0 0 0 0 0 0 0 0 0 0 0 0 0 0 0 0 0 0 0 0 0 0 0 0 0 0 0 0 0 0 0 0 0 0 0 0 0 0 0 0 0 0 0 0 0 0 0 0 0 0 0 0 0 0 0
0 0 0 0 0 0 0 0 0 0 0 0 0 0 0 0 0 0 0 0 0 0 0 0 0 0 0 0 0 0 0 0 0 0 0 0 0 0 0 0 0 0 0 0 0 0 0 0 0 0 0 0 0 0 0 0 0 0 0 0 0 0 0 0
0 0 0 0 0 0 0 0 0 0 0 0 0 0 0 0 0 0 0 0 0 0 0 0 0 0 0 0 0 0 0 0 0 0 0 0 0 0 0 0 0 0 0 0 0 0 0 0 0 0 0 0 0 0 0 0 0 0 0 0 0 0 0 0
0 0 0 0 0 0 0 0 0 0 0 0 0 0 0 0 0 0 0 0 0 0 0 0 0 0 0 0 0 0 0 0 0 0 0 0 0 0 0 0 0 0 0 0 0 0 0 0 0 0 0 0 0 0 0 0 0 0 0 0 0 0 0 0
0 0 0 0 0 0 0 0 0 0 0 0 0 0 0 0 0 0 0 0 0 0 0 0 0 0 0 0 0 0 0 0 0 0 0 0 0 0 0 0 0 0 0 0 0 0 0 0 0 0 0 0 0 0 0 0 0 0 0 0 0 0 0 0
0 0 0 0 0 0 0 0 0 0 0 0 0 0 0 0 0 0 0 0 0 0 0 0 0 0 0 0 0 0 0 0 0 0 0 0 0 0 0 0 0 0 0 0 0 0 0 0 0 0 0 0 0 0 0 0 0 0 0 0 0 0 0 0
0 0 0 0 0 0 0 0 0 0 0 0 0 0 0 0 0 0 0 0 0 0 0 0 0 0 0 0 0 0 0 0 0 0 0 0 0 0 0 0 0 0 0 0 0 0 0 0 0 0 0 0 0 0 0 0 0 0 0 0 0 0 0 0
0 0 0 0 0 0 0 0 0 0 0 0 0 0 0 0 0 0 0 0 0 0 0 0 0 0 0 0 0 0 0 0 0 0 0 0 0 0 0 0 0 0 0 0 0 0 0 0 0 0 0 0 0 0 0 0 0 0 0 0 0 0 0 0
0 0 0 0 0 0 0 0 0 0 0 0 0 0 0 0 0 0 0 0 0 0 0 0 0 0 0 0 0 0 0 0 0 0 0 0 0 0 0 0 0 0 0 0 0 0 0 0 0 0 0 0 0 0 0 0 0 0 0 0 0 0 0 0
0 0 0 0 0 0 0 0 0 0 0 0 0 0 0 0 0 0 0 0 0 0 0 0 0 0 0 0 0 0 0 0 0 0 0 0 0 0 0 0 0 0 0 0 0 0 0 0 0 0 0 0 0 0 0 0 0 0 0 0 0 0 0 0
0 0 0 0 0 0 0 0 0 0 0 0 0 0 0 0 0 0 0 0 0 0 0 0 0 0 0 0 0 0 0 0 0 0 0 0 0 0 0 0 0 0 0 0 0 0 0 0 0 0 0 0 0 0 0 0 0 0 0 0 0 0 0 0
0 0 0 0 0 0 0 0 0 0 0 0 0 0 0 0 0 0 0 0 0 0 0 0 0 0 0 0 0 0 0 0 0 0 0 0 0 0 0 0 0 0 0 0 0 0 0 0 0 0 0 0 0 0 0 0 0 0 0 0 0 0 0 0
0 0 0 0 0 0 0 0 0 0 0 0 0 0 0 0 0 0 0 0 0 0 0 0 0 0 0 0 0 0 0 0 0 0 0 0 0 0 0 0 0 0 0 0 0 0 0 0 0 0 0 0 0 0 0 0 0 0 0 0 0 0 0 0
m_sprite_attribute_table.b[] 256 1
48 18 2 20 40 18 2 43 38 18 2 52 30 18 2 45 28 18 2 44 20 18 2 49 18 18 2 54 10 18 2 20 8 18 2 0 0 18 2 20 29 70 a8 11 9 70 a8 12 e9 70 a9 13 a0 a8 bc 54 4 a0 ec 5a 8a 92 cc 69
70 98 f8 17 60 c8 f4 40 60 b8 f4 3c 60 a8 f4 38 60 98 f4 34 70 b8 f8 1b 17 98 dc 60 74 90 cc 64 40 88 dc 5e 0 0 1 0 0 0 1 0 0 0 1 0 0 0 1 0 0 0 1 0 0 0 1 0 0 0 1 0
0 0 1 0 0 0 1 0 0 0 1 0 0 0 1 0 0 0 1 0 0 0 1 0 0 0 1 0 0 0 1 0 0 0 1 0 0 0 1 0 0 0 1 0 0 0 1 0 0 0 1 0 0 0 1 0 0 0 1 0 0 0 1 0
0 0 1 0 0 0 1 0 0 0 1 0 0 0 1 0 0 0 1 0 0 0 1 0 0 0 1 0 0 0 1 0 0 0 1 0 0 0 1 0 0 0 1 0 0 0 1 0 0 0 1 0 0 0 1 0 0 0 1 0 0 0 1 0
m_scroll_data_table[] 512 1
0 0 0 0 0 0 0 0 0 0 0 0 0 0 0 0 0 0 0 0 0 0 0 0 0 0 0 0 0 0 0 0 0 0 0 0 0 0 0 0 0 0 0 0 0 0 0 0 0 0 0 0 0 0 0 0 0 0 0 0 0 0 0 0
0 0 0 0 0 0 0 0 0 0 0 0 0 0 0 0 0 0 0 0 0 0 0 0 0 0 0 0 0 0 0 0 0 0 0 0 0 0 0 0 0 0 0 0 0 0 0 0 0 0 0 0 0 0 0 0 0 0 0 0 0 0 0 0
0 0 0 0 0 0 0 0 0 0 0 0 0 0 0 0 0 0 0 0 0 0 0 0 0 0 0 0 0 0 0 0 0 0 0 0 0 0 0 0 0 0 0 0 0 0 0 0 0 0 0 0 0 0 0 0 0 0 0 0 0 0 0 0
1b 1b 1b 1b 1b 1b 1b 1b 1b 1b 1b 1b 1b 1b 1b 1b 1b 1b 1b 1b 1b 1b 1b 1b 1b 1b 1b 1b 1b 1b 1b 1b 0 0 0 0 0 0 0 0 0 0 0 0 0 0 0 0 0 0 0 0 0 0 0 0 0 0 0 0 0 0 0 0
0 0 0 0 0 0 0 0 0 0 0 0 0 0 0 0 0 0 0 0 0 0 0 0 0 0 0 0 0 0 0 0 0 0 0 0 0 0 0 0 0 0 0 0 0 0 0 0 0 0 0 0 0 0 0 0 0 0 0 0 0 0 0 0
0 0 0 0 0 0 0 0 0 0 0 0 0 0 0 0 0 0 0 0 0 0 0 0 0 0 0 0 0 0 0 0 0 0 0 0 0 0 0 0 0 0 0 0 0 0 0 0 0 0 0 0 0 0 0 0 0 0 0 0 0 0 0 0
0 0 0 0 0 0 0 0 0 0 0 0 0 0 0 0 0 0 0 0 0 0 0 0 0 0 0 0 0 0 0 0 0 0 0 0 0 0 0 0 0 0 0 0 0 0 0 0 0 0 0 0 0 0 0 0 0 0 0 0 0 0 0 0
0 0 0 0 0 0 0 0 0 0 0 0 0 0 0 0 0 0 0 0 0 0 0 0 0 0 0 0 0 0 0 0 0 0 0 0 0 0 0 0 0 0 0 0 0 0 0 0 0 0 0 0 0 0 0 0 0 0 0 0 0 0 0 0
m_colour_palette[] 768 1
0 0 0 3f 3f 3f 0 0 0 18 18 18 3f 0 0 3f 3f 0 0 0 0 3f 3f 3f 0 3f 0 0 0 3f 3f 3f 0 3f 0 3f 0 0 3f 3f 0 0 0 3f 0 0 19 0 34 34 32 30 30 30 2e 2c 2e 30 32 36 2a 2e 34 28
28 2e 24 26 2a 2c 28 28 22 22 24 1e 20 24 20 22 28 20 20 20 20 1e 1e 1c 1c 1c 18 18 1a 1c 1c 22 12 1a 22 a 18 20 a e c a 8 8 10 e 8 14 c a 12 12 12 e 10 14 14 14 18 36 36 38 34 36
3a 38 3a 3c 3e 3e 3e 3c 3c 2a 3c 38 18 2c 26 10 36 30 14 30 2c 12 3e 38 20 3a 32 1c 36 2e 18 32 2a 14 2e 26 10 3c 2e 22 3a 26 26 38 14 2e 3e 34 34 2e 26 10 20 18 8 1a 14 8 38 2e 12 20 e 16
24 12 1a 28 16 1e 2e 1a 24 32 1e 28 36 22 2c 3c 26 32 2a 22 10 28 1e 12 26 1a 12 24 16 14 22 12 14 2a 22 e 26 1e e 22 1c e 1e 18 e 1a 14 e 18 12 e 1c 12 12 22 12 18 28 14 1e 2c 14 22 32
14 28 4 4 2 c 6 6 10 8 8 e 3c 2e 0 20 20 1a 2a 10 12 24 10 12 1e c e 18 8 c 16 a a 18 e 8 12 a c 2e 24 e 28 1c 0 32 32 0 2e 2e 0 2a 2a 2 3a 38 2a 28 2 28 28 0 24 24
2 22 20 2 1e 1e 4 10 10 0 12 14 0 1c 1a 4 1c 22 8 20 28 8 2a 34 a 32 3a 8 36 36 0 30 30 0 3c 3c 0 a c 0 e 12 4 1e 38 1a 20 3c 1a 1c 34 18 1a 2e 14 31 2b 1d 2f 23 8 6 20 20
c 22 1a 14 20 10 1a 1e 8 22 22 4 3f 26 0 3f 1f 0 3f 16 0 3f 0 0 33 f 11 25 12 21 18 8 33 3f 3f 3f 27 26 3f 25 19 3f 25 1b 21 32 21 11 3f 23 2 3f 30 15 3f 38 2b 3f d 0 3f 1e 15 3f
2f 2b 2e 2d 2b 3f 3d 0 2e 2c 0 1c 19 0 18 14 32 2e 1d 0 1c 12 0 0 0 0 3e 0 3e 3e 0 3e 3e 0 3e 3e 3e 3e 30 36 3e 22 2e 3e 16 24 3e 22 2c 2a 30 34 14 22 24 30 30 22 20 22 18 36 30 c
2c 3e 3e 0 3e 30 8 3e 20 10 3e 10 1a 3e 0 24 3e 0 3e 3e 36 0 2e 28 0 1e 1a 0 0 0 0 32 0 0 22 0 0 18 0 0 3e 1e 0 2e 16 0 1e e 0 3e 3e 3e 3e 1e 1e 33 2b 1d 0 29 33 21 26 2b
3e 0 3e 36 36 36 28 28 28 1a 1a 1a 0 0 0 32 0 0 22 0 0 18 0 0 3e 1e 0 2e 16 0 1e e 0 16 16 3e 10 10 2e a a 1e 33 19 28 f 2c 1c 3f 37 25 36 36 36 28 28 28 1a 1a 1a 0 0 0 3e
0 0 2e 0 0 1e 0 0 0 2c 0 0 20 0 0 16 0 1a 30 1a 3e 0 3e 3e 36 0 2e 28 0 1e 1a 0 3e 0 3e 36 36 36 26 26 26 16 16 16 0 0 0 34 a 0 24 4 0 16 0 0 0 2c 0 0 20 0 0 16
0 16 16 3e 10 10 2e a a 1e 3e 36 0 26 20 0 3f 3f 3f 36 36 36 28 28 28 1a 1a 1a 0 0 0 3e 0 0 2e 0 0 1e 0 0 0 2c 0 0 20 0 0 16 0 16 16 3e 10 10 2e a a 1e 3a 1e 1c 14 0 12
m_base_addr[] 16 4
0 0 0 0 0 0 0 0 0 0 0 0 0 0 0 0
