frame 2200
m_md 3
m_page_x 40
m_page_y 20
m_page_size 0
m_pattern_size 0
m_bits16 1
m_pny_shift 6
m_na8_mask f
m_base_y_shift 2
m_h_div_size 0
m_v_div_size 0
m_col_shift 8
m_flip 0
m_zron 0
m_dspe 1
m_dckm 0
m_h_display_size 3
m_v_display_size 3
m_roz_wrap_disable 0
m_scroll_wrap_disable 0
m_planeA_trans_enable 0
m_planeB_trans_enable 0
m_priority_mode 0
m_cbdr 0
m_yse 0
m_scm 0
m_planeA_color_fetch 0
m_planeB_color_fetch 0
m_sprite_color_fetch 0
m_mosaic_aplane 0
m_mosaic_bplane 0
m_sprite_disable 0
m_sprite_aux_mode 1
m_sprite_aux_reg 0
m_border_color 0
m_sprite_bank 0
m_namcond1_gfxbank 2
m_vblank_irq_mask 1
m_raster_irq_mask 1
m_raster_irq_hpos 0
m_raster_irq_vpos 0
m_raster_irq_mode 0
m_ax 0
m_ay 0
m_dx 0
m_dy 0
m_dxy 0
m_dyx 0
m_raw_ax 0
m_raw_ay 0
m_raw_dx 0
m_raw_dy 0
m_raw_dxy 0
m_raw_dyx 0
m_crtc.htotal 324
m_crtc.vtotal 105
m_crtc.display_hstart 6c
m_crtc.display_vstart 1a
m_crtc.display_width 240
m_crtc.display_height e0
m_crtc.display_hsync 30
m_crtc.display_vsync 3
m_crtc.border_width 20
m_crtc.border_height 0
m_screen_status 0
m_ba_plane_scroll_select 1
m_plane_select_access 0
m_xtile_ptr 1a
m_ytile_ptr 2
m_pattern_name_table[] 4096 1
b 1 b 1 b 1 b 1 b 1 b 1 b 1 b 1 b 1 b 1 b 1 b 1 b 1 b 1 b 1 b 1 b 1 b 1 b 1 b 1 69 3 b 1 b 1 b 1 b 1 b3 3 2a 1 b 1 b 1 b 1 b 1 b 1
b 1 b 1 b 1 b 1 53 52 52 52 53 52 52 52 53 52 52 52 53 52 52 52 53 54 fa fa 49 fa fa fa 49 fa fa fa 0 0 0 0 0 0 0 0 0 0 0 0 0 0 0 0 0 0 0 0 0 0 0 0 0 0 0 0
b 1 22 1 33 1 43 1 b 1 b 1 b 1 b 1 b 1 b 1 b 1 b 1 b 1 b 1 b 1 7d 5 8d 5 8d 5 8d 5 8d 5 8d 5 8d 5 8d 5 8d 5 8d 5 8d 5 2e 6 b 1 b 1 b 1 b 1 b 1
b 1 b 1 b 1 b 1 7f 7f 7f 7f 7f 7f 7f 7f 7f 7f 7f 7f 7f 7f 7f 7f 7f 95 fa c1 ec ed ee ef f0 c3 80 fa 0 0 0 0 0 0 0 0 0 0 0 0 0 0 0 0 0 0 0 0 0 0 0 0 0 0 0 0
b 1 21 1 32 1 42 1 b 1 b 1 b 1 b 1 b 1 b 1 d1 1 e0 1 ca 1 9 2 1c 2 7c 5 f5 6 3 7 c7 5 c7 5 de 5 32 7 4 6 83 9 87 9 21 6 2d 6 2c 2 b 1 b 1 b 1 b 1
b 1 b 1 b 1 b 1 7f 7f 7f 7f 7f 7f 7f 7f 7f 7f 7f 7f 7f 7f 7f 7f 7f 95 4e cd f8 f9 f1 f2 f3 ea 8f fa 0 0 0 0 0 0 0 0 0 0 0 0 0 0 0 0 0 0 0 0 0 0 0 0 0 0 0 0
b 1 20 1 31 1 41 1 b 1 b 1 b 1 b 1 a2 1 ba 1 d0 1 df 1 f4 1 8 2 1b 2 7c 5 f4 6 2 7 16 7 28 7 dd 5 f0 5 fd 5 ea 8 86 9 2b 6 2d 6 2b 2 3b 2 47 2 57 2 ca 1
b 1 b 1 b 1 b 1 7f 7f 7f 7f 7f 7f 7f 7f 7f 7f 7f 7f 7f 7f 7f 7f 7f 95 4c cb f6 f7 f8 f9 f1 e8 8d fa 0 0 0 0 0 0 0 0 0 0 0 0 0 0 0 0 0 0 0 0 0 0 0 0 0 0 0 0
b 1 1f 1 30 1 40 1 54 1 b 1 b 1 91 1 a1 1 b9 1 cf 1 b 1 f3 1 7 2 1a 2 7c 5 f3 6 1 7 15 7 27 7 dc 5 ec 5 fc 5 f 6 2 6 2a 6 2d 6 b 1 3a 2 46 2 56 2 b 1
b 1 b 1 b 1 b 1 7f 7f 7f 7f 7f 7f 7f 7f 7f 7f 7f 7f 7f 7f 7f 7f 7f 95 fa d2 f4 f5 f6 f7 f8 de 80 fa 0 0 0 0 0 0 0 0 0 0 0 0 0 0 0 0 0 0 0 0 0 0 0 0 0 0 0 0
14 1 16 1 2f 1 3f 1 53 1 68 1 7c 1 90 1 a0 1 b8 1 ce 1 de 1 bf 2 d1 2 19 2 7c 5 f2 6 0 7 14 7 26 7 db 5 eb 5 fe 5 11 6 1 6 29 6 2d 6 b 1 39 2 ca 1 b 1 b 1
b 1 e5 2 b 1 b 1 7f 7f 7f 7f 7f 7f 7f 7f 7f 7f 7f 7f 7f 7f 7f 7f 7f 95 fa d0 f2 f3 f4 f5 f6 e5 80 fa 0 0 0 0 0 0 0 0 0 0 0 0 0 0 0 0 0 0 0 0 0 0 0 0 0 0 0 0
13 1 1e 1 2e 1 3e 1 52 1 67 1 7b 1 8f 1 9f 1 b7 1 cd 1 dd 1 be 2 d0 2 18 2 7c 5 88 5 ff 6 13 7 c3 5 da 5 ea 5 3 6 14 6 0 6 28 6 2d 6 b 1 44 1 45 2 55 2 66 2
b 1 e4 2 b 1 b 1 7f 7f 7f 7f 7f 7f 7f 7f 7f 7f 7f 7f 7f 7f 7f 7f 7f 95 49 ce f9 f1 f2 f3 f4 e3 8a fa 0 0 0 0 0 0 0 0 0 0 0 0 0 0 0 0 0 0 0 0 0 0 0 0 0 0 0 0
12 1 1d 1 2d 1 3d 1 51 1 66 1 7a 1 8e 1 9e 1 b6 1 cc 1 dc 1 bd 2 cf 2 17 2 7c 5 f1 6 fe 6 12 7 25 7 d9 5 ee 5 2 6 13 6 d8 5 27 6 2d 6 b 1 b 1 b 1 b 1 65 2
b 1 e3 2 f5 2 b 1 7f 7f 7f 7f 7f 7f 7f 7f 7f 7f 7f 7f 7f 7f 7f 7f 7f 95 47 cc f7 f8 f9 f1 f2 e1 88 fa 0 0 0 0 0 0 0 0 0 0 0 0 0 0 0 0 0 0 0 0 0 0 0 0 0 0 0 0
12 1 1c 1 2c 1 b 1 50 1 65 1 79 1 8d 1 9d 1 b5 1 cb 1 b 1 bc 2 ce 2 16 2 7c 5 f0 6 fd 6 11 7 24 7 d8 5 ef 5 1 6 82 9 85 9 ef 5 2d 6 b 1 b 1 b 1 b 1 64 2
b 1 e2 2 f4 2 b 1 7f 7f 7f 7f 7f 7f 7f 7f 7f 7f 7f 7f 7f 7f 7f 7f 7f 95 fa ca f5 f6 f7 f8 f9 df 80 fa 0 0 0 0 0 0 0 0 0 0 0 0 0 0 0 0 0 0 0 0 0 0 0 0 0 0 0 0
12 1 1b 1 2b 1 3c 1 4f 1 64 1 78 1 8c 1 9c 1 b4 1 ca 1 b 1 bb 2 cd 2 15 2 7c 5 85 5 fc 6 10 7 c0 5 d7 5 ee 5 0 6 81 9 84 9 ee 5 2d 6 b 1 b 1 b 1 54 2 63 2
75 2 e1 2 f3 2 ad 2 7f 7f 7f 7f 7f 7f 7f 7f 7f 7f 7f 7f 7f 7f 7f 7f 7f 95 fa c8 f3 f4 f5 f6 f7 dd 80 fa 0 0 0 0 0 0 0 0 0 0 0 0 0 0 0 0 0 0 0 0 0 0 0 0 0 0 0 0
12 1 1a 1 2a 1 b 1 4e 1 63 1 77 1 8b 1 9b 1 b3 1 c9 1 db 1 ba 2 cc 2 14 2 7c 5 ef 6 fb 6 f 7 23 7 d6 5 ed 5 ff 5 12 6 2 6 26 6 2d 6 b 1 b 1 44 2 53 2 16 1
74 2 e0 2 f2 2 ac 2 7f 7f 7f 7f 7f 7f 7f 7f 7f 7f 7f 7f 7f 7f 7f 7f 7f 95 44 c6 f1 f2 f3 f4 f5 db 85 fa 0 0 0 0 0 0 0 0 0 0 0 0 0 0 0 0 0 0 0 0 0 0 0 0 0 0 0 0
12 1 19 1 29 1 3b 1 4d 1 62 1 76 1 8a 1 8a 1 b2 1 c8 1 da 1 b9 2 cb 2 13 2 7c 5 ee 6 fa 6 e 7 22 7 d5 5 ec 5 fc 5 f 6 1e 6 25 6 2d 6 2a 2 38 2 16 1 52 2 62 2
73 2 df 2 f1 2 ab 2 7f 7f 7f 7f 7f 7f 7f 7f 7f 7f 7f 7f 7f 7f 7f 7f 7f 96 42 c4 f8 f9 f1 f2 f3 d9 82 fa 0 0 0 0 0 0 0 0 0 0 0 0 0 0 0 0 0 0 0 0 0 0 0 0 0 0 0 0
12 1 18 1 28 1 3a 1 16 1 61 1 75 1 89 1 9a 1 b1 1 c7 1 d9 1 b8 2 ca 2 12 2 7c 5 ed 6 f9 6 a7 5 bd 5 d4 5 eb 5 fe 5 11 6 d7 5 24 6 2d 6 29 2 37 2 16 1 51 2 61 2
72 2 de 2 f0 2 aa 2 53 52 52 52 53 52 52 52 53 52 52 52 53 52 52 52 53 54 fa fa 49 fa fa fa 49 fa fa fa 0 0 0 0 0 0 0 0 0 0 0 0 0 0 0 0 0 0 0 0 0 0 0 0 0 0 0 0
11 1 17 1 16 1 39 1 4c 1 60 1 74 1 88 1 83 1 b0 1 c6 1 d8 1 b7 2 c9 2 11 2 7c 5 ec 6 f8 6 d 7 21 7 d3 5 ea 5 fd 5 10 6 d8 5 23 6 2d 6 28 2 36 2 16 1 50 2 60 2
38 1 dd 2 ef 2 a9 2 67 7d 66 66 66 7a 66 7d 66 66 66 7a 66 77 76 67 67 95 fa c1 ec ed ee ef f0 c3 80 fa 0 0 0 0 0 0 0 0 0 0 0 0 0 0 0 0 0 0 0 0 0 0 0 0 0 0 0 0
10 1 16 1 27 1 38 1 4b 1 5f 1 73 1 87 1 99 1 af 1 c5 1 d7 1 b6 2 c8 2 10 2 7c 5 eb 6 f7 6 c 7 20 7 d2 5 e9 5 fc 5 f 6 1d 6 22 6 2d 6 27 2 35 2 16 1 4f 2 5f 2
71 2 dc 2 ee 2 a8 2 0 0 0 0 0 0 0 0 0 0 0 0 0 0 0 0 0 0 0 0 0 0 0 0 0 0 0 0 0 0 0 0 0 0 0 0 0 0 0 0 0 0 0 0 0 0 0 0 0 0 0 0 0 0 0 0
f 1 16 1 26 1 37 1 4a 1 5e 1 72 1 86 1 98 1 ae 1 c4 1 d6 1 b5 2 c7 2 f 2 7c 5 ea 6 f6 6 b 7 1f 7 d1 5 31 7 fb 5 e 6 1c 6 21 6 2d 6 26 2 34 2 43 2 4e 2 16 1
70 2 db 2 ed 2 2c 1 0 0 0 0 0 0 0 0 0 0 0 0 0 0 0 0 0 0 0 0 0 0 0 0 0 0 0 0 0 0 0 0 0 0 0 0 0 0 0 0 0 0 0 0 0 0 0 0 0 0 0 0 0 0 0 0
e 1 16 1 25 1 36 1 49 1 5d 1 71 1 85 1 8a 1 ad 1 c3 1 d5 1 b4 2 c6 2 e 2 7b 5 7e 5 7e 5 7e 5 7e 5 7e 5 7e 5 7e 5 7e 5 7e 5 7e 5 2c 6 25 2 33 2 42 2 4d 2 5e 2
6f 2 da 2 ec 2 2c 1 0 0 0 0 0 0 0 0 0 0 0 0 0 0 0 0 0 0 0 0 0 0 0 0 0 0 0 0 0 0 0 0 0 0 0 0 0 0 0 0 0 0 0 0 0 0 0 0 0 0 0 0 0 0 0 0
d 1 15 1 24 1 35 1 16 1 5c 1 70 1 84 1 97 1 ac 1 c2 1 b 1 b3 2 c5 2 d 2 c3 3 b 1 b 1 b 1 b 1 d0 5 e7 5 fa 5 d 6 1b 6 6b 5 9c 4 24 2 32 2 41 2 4c 2 13 2
b 1 d9 2 eb 2 2c 1 0 0 0 0 6 4 4 4 4 4 4 4 4 4 4 4 4 4 4 4 4 4 4 4 4 4 4 4 4 4 4 4 4 4 4 4 4 4 4 4 4 4 4 4 7 0 0 0 0 6 4 4 4 4 4 4
c 1 b 1 23 1 34 1 48 1 5b 1 6f 1 83 1 83 1 ab 1 c2 1 d4 1 b2 2 c4 2 c 2 c2 3 b 1 b 1 a 7 1e 7 30 7 e6 5 f9 5 c 6 b 1 44 1 9b 4 23 2 31 2 40 2 4b 2 5d 2
6e 2 d8 2 ea 2 2c 1 0 0 0 0 1 2 2 2 b c d 2 2 2 2 2 2 2 2 2 2 2 2 2 2 2 2 2 2 2 2 2 2 2 2 2 2 2 2 2 2 2 2 2 3 0 0 0 0 1 2 2 2 2 2 2
b 1 b 1 b 1 b 1 47 1 5a 1 6e 1 82 1 96 1 aa 1 c1 1 b 1 b1 2 c3 2 b 1 b 1 b 1 b 1 9 7 1d 7 2f 7 e5 5 f8 5 b 6 b 1 b 1 9a 4 22 2 30 2 3f 2 4a 2 5c 2
b 1 d7 2 e9 2 2c 1 0 0 0 0 1 2 2 2 14 12 13 2 2 2 2 2 2 2 2 2 2 2 2 2 2 2 2 2 2 2 2 2 2 2 2 2 2 2 2 2 2 2 2 2 2 2 2 3 0 1 2 2 2 14 12 12
b 1 b 1 b 1 b 1 46 1 59 1 6d 1 81 1 95 1 a9 1 c0 1 b 1 b0 2 c2 2 b 1 b 1 b 1 b 1 8 7 1c 7 2e 7 e4 5 f7 5 a 6 1a 6 6a 5 99 4 21 2 2f 2 3e 2 49 2 5b 2
6d 2 d6 2 e8 2 2c 1 4 4 4 4 5 2 2 2 3 0 1 2 2 2 2 2 2 2 2 2 2 2 2 2 2 2 2 2 2 2 2 2 2 2 2 2 2 2 2 2 2 2 2 2 2 2 2 3 0 1 2 2 2 3 0 0
b 1 b 1 b 1 b 1 45 1 58 1 6c 1 80 1 94 1 a8 1 bf 1 d3 1 af 2 c1 2 b 1 b 1 b 1 b 1 7 7 1b 7 2d 7 e3 5 f6 5 9 6 19 6 69 5 98 4 20 2 2e 2 3d 2 b 1 5a 2
6c 2 d5 2 4f 2 a7 2 2 2 2 2 2 2 2 2 3 0 1 2 2 2 3 0 1 2 2 2 3 0 0 0 0 0 0 0 0 0 0 0 0 0 0 0 0 0 0 0 1 2 2 2 2 2 2 3 0 1 2 2 2 3 0 0
b 1 b 1 b 1 b 1 b 1 57 1 6b 1 7f 1 6b 1 a7 1 be 1 d2 1 ae 2 c0 2 b 2 b 1 b 1 b 1 6 7 1a 7 2c 7 e2 5 f5 5 8 6 18 6 68 5 97 4 1f 2 13 2 3c 2 48 2 59 2
6b 2 d4 2 16 1 a6 2 12 13 2 2 2 2 2 2 3 0 1 2 2 2 3 0 1 2 2 2 3 0 0 0 0 0 0 0 0 0 0 0 0 0 0 0 0 0 0 0 1 2 2 2 2 2 2 3 0 1 2 2 2 3 0 0
b 1 b 1 b 1 b 1 b 1 56 1 6a 1 7e 1 b 1 b 1 bd 1 b 1 b 1 b 1 a 2 c1 3 b 1 b 1 5 7 19 7 2b 7 e1 5 f4 5 7 6 b 1 67 5 96 4 1e 2 2d 2 b 1 b 1 58 2
6a 2 d3 2 e7 2 b 1 0 1 2 2 2 2 2 2 11 4 5 2 2 2 3 0 1 2 2 2 11 4 4 4 4 4 4 4 4 4 4 4 4 4 4 7 0 0 0 0 1 2 2 2 2 2 2 3 0 1 2 2 2 3 0 0
b 1 b 1 b 1 b 1 44 1 55 1 69 1 7d 1 93 1 a6 1 bc 1 b 1 b 1 b 1 b 1 c0 3 b 1 b 1 4 7 18 7 2a 7 e0 5 f3 5 6 6 17 6 66 5 95 4 1d 2 b 1 b 1 b 1 b 1
69 2 d2 2 e6 2 b 1 0 1 2 2 2 2 2 2 2 2 2 2 2 2 3 0 1 2 15 16 2 2 2 2 2 2 2 2 2 2 2 2 2 2 2 3 0 0 0 0 1 2 2 2 2 2 2 3 0 1 2 2 2 3 0 0
b 1 b 1 b 1 b 1 b 1 b 1 b 1 b 1 92 1 a5 1 b 1 b 1 b 1 b 1 b 1 bf 3 b 1 b 1 9c 5 17 7 29 7 df 5 f2 5 5 6 16 6 65 5 b 1 b 1 b 1 b 1 b 1 b 1
68 2 77 2 8f 2 b 1 0 1 2 2 2 14 12 12 12 12 13 2 2 2 3 0 1 2 2 2 2 2 2 2 2 2 2 2 2 2 2 2 2 2 2 3 0 0 0 0 1 2 2 2 2 2 2 2 2 2 2 2 2 2 2 2
b 1 b 1 b 1 b 1 b 1 b 1 b 1 b 1 b 1 a4 1 b 1 b 1 b 1 b 1 b 1 be 3 b 1 b 1 b 1 b 1 b 1 b 1 b 1 b 1 b 1 b 1 b 1 b 1 b 1 b 1 b 1 b 1
67 2 76 2 8e 2 b 1 4 5 2 2 2 3 0 0 0 0 1 2 2 2 3 0 1 2 2 2 2 2 2 2 2 2 2 2 2 2 2 2 2 2 2 3 0 0 0 0 1 2 2 2 2 2 17 2 2 2 2 2 2 2 2 2
b 1 b 1 b 1 b 1 b 1 b 1 b 1 b 1 b 1 a3 1 bb 1 b 1 b 1 b 1 b 1 f6 2 b 1 b 1 b 1 b 1 b 1 b 1 b 1 b 1 b 1 b 1 b 1 b 1 b 1 b 1 b 1 b 1
b 1 b 1 b 1 b 1 2 2 2 2 2 3 0 0 0 0 1 2 2 2 3 0 0 0 0 0 0 0 0 0 0 0 0 0 0 0 0 1 2 2 2 3 0 0 0 0 1 2 2 2 2 2 2 3 0 0 0 0 0 0 0 0
0 0 0 1 2 2 2 2 2 2 2 2 2 3 0 0 0 0 1 2 2 2 3 0 0 0 0 0 0 0 0 0 0 0 0 0 0 0 0 1 2 2 2 3 0 0 0 0 1 2 2 2 2 2 2 3 0 0 0 0 0 0 0 0
0 0 0 1 2 2 2 14 12 13 2 2 2 3 0 0 0 0 1 2 2 2 3 0 0 0 0 0 0 0 0 0 0 0 0 0 0 0 0 1 2 2 2 3 0 0 0 0 1 2 2 2 2 2 2 3 0 0 0 0 0 0 0 0
0 0 0 1 2 2 2 3 0 1 2 2 2 3 0 0 0 0 1 2 2 2 3 0 0 0 0 0 0 0 0 0 0 0 0 0 0 0 0 1 2 2 2 3 0 0 0 0 1 2 2 2 2 2 2 3 0 0 0 0 0 0 0 0
0 0 0 1 2 2 2 3 0 1 2 2 2 11 4 4 4 4 5 2 2 2 11 4 4 4 4 4 4 4 4 4 4 4 4 4 4 4 4 5 2 2 2 11 4 4 4 4 5 2 2 2 2 2 2 3 0 0 0 0 0 0 0 0
0 0 0 1 2 2 2 3 0 1 2 2 2 2 2 2 2 2 2 2 2 2 2 2 2 2 2 2 2 2 2 2 2 2 2 2 2 2 2 2 2 2 2 2 2 2 2 2 2 2 2 2 2 2 2 3 0 0 0 0 0 0 0 0
0 0 0 1 2 2 2 3 0 1 2 2 2 2 2 2 2 2 2 2 2 2 2 2 2 2 2 2 2 2 2 2 2 2 2 2 2 2 2 2 2 2 2 2 2 2 2 2 2 2 2 2 2 2 2 3 0 0 0 0 0 0 0 0
0 0 0 1 2 2 2 3 0 1 2 2 2 2 2 2 2 2 2 2 2 2 2 2 2 2 2 2 2 2 2 2 2 2 2 2 2 2 2 2 2 2 2 2 2 2 2 2 2 2 2 2 2 2 2 3 0 0 0 0 0 0 0 0
0 0 0 1 2 2 2 3 0 18 12 12 12 12 12 12 12 12 12 12 12 12 12 12 12 12 12 12 12 12 12 12 12 12 12 12 12 12 12 12 12 12 12 12 12 12 12 12 12 12 12 12 12 12 12 19 0 0 0 0 0 0 0 0
m_sprite_attribute_table.b[] 256 1
48 18 2 20 40 18 2 43 38 18 2 52 30 18 2 45 28 18 2 44 20 18 2 49 18 18 2 54 10 18 2 20 8 18 2 1 0 18 2 20 58 ca ec 2e 18 ca ec 2f 17 7 f8 3d f7 7 f9 6c 17 7 f8 6b 37 7 f8 6a
57 7 f8 69 77 7 f8 6f 97 7 f8 6e b7 7 f8 6d 0 0 1 0 0 0 1 0 0 0 1 0 0 0 1 0 0 0 1 0 0 0 1 0 0 0 1 0 0 0 1 0 0 0 1 0 0 0 1 0 0 0 1 0 0 0 1 0
0 0 1 0 0 0 1 0 0 0 1 0 0 0 1 0 0 0 1 0 0 0 1 0 0 0 1 0 0 0 1 0 0 0 1 0 0 0 1 0 0 0 1 0 0 0 1 0 0 0 1 0 0 0 1 0 0 0 1 0 0 0 1 0
0 0 1 0 0 0 1 0 0 0 1 0 0 0 1 0 0 0 1 0 0 0 1 0 0 0 1 0 0 0 1 0 0 0 1 0 0 0 1 0 0 0 1 0 0 0 1 0 0 0 1 0 0 0 1 0 0 0 1 0 0 0 1 0
m_scroll_data_table[] 512 1
0 0 0 0 0 0 0 0 0 0 0 0 0 0 0 0 0 0 0 0 0 0 0 0 0 0 0 0 0 0 0 0 0 0 0 0 0 0 0 0 0 0 0 0 0 0 0 0 0 0 0 0 0 0 0 0 0 0 0 0 0 0 0 0
0 0 0 0 0 0 0 0 0 0 0 0 0 0 0 0 0 0 0 0 0 0 0 0 0 0 0 0 0 0 0 0 0 0 0 0 0 0 0 0 0 0 0 0 0 0 0 0 0 0 0 0 0 0 0 0 0 0 0 0 0 0 0 0
0 0 0 0 0 0 0 0 0 0 0 0 0 0 0 0 0 0 0 0 0 0 0 0 0 0 0 0 0 0 0 0 0 0 0 0 0 0 0 0 0 0 0 0 0 0 0 0 0 0 0 0 0 0 0 0 0 0 0 0 0 0 0 0
3 3 3 3 3 3 3 3 3 3 3 3 3 3 3 3 3 3 3 3 3 3 3 3 3 3 3 3 3 3 3 3 0 0 0 0 0 0 0 0 0 0 0 0 0 0 0 0 0 0 0 0 0 0 0 0 0 0 0 0 0 0 0 0
0 0 0 0 0 0 0 0 0 0 0 0 0 0 0 0 0 0 0 0 0 0 0 0 0 0 0 0 0 0 0 0 0 0 0 0 0 0 0 0 0 0 0 0 0 0 0 0 0 0 0 0 0 0 0 0 0 0 0 0 0 0 0 0
0 0 0 0 0 0 0 0 0 0 0 0 0 0 0 0 0 0 0 0 0 0 0 0 0 0 0 0 0 0 0 0 0 0 0 0 0 0 0 0 0 0 0 0 0 0 0 0 0 0 0 0 0 0 0 0 0 0 0 0 0 0 0 0
0 0 0 0 0 0 0 0 0 0 0 0 0 0 0 0 0 0 0 0 0 0 0 0 0 0 0 0 0 0 0 0 0 0 0 0 0 0 0 0 0 0 0 0 0 0 0 0 0 0 0 0 0 0 0 0 0 0 0 0 0 0 0 0
0 0 0 0 0 0 0 0 0 0 0 0 0 0 0 0 0 0 0 0 0 0 0 0 0 0 0 0 0 0 0 0 0 0 0 0 0 0 0 0 0 0 0 0 0 0 0 0 0 0 0 0 0 0 0 0 0 0 0 0 0 0 0 0
m_colour_palette[] 768 1
0 0 0 3f 3f 3f 0 0 0 18 18 18 3f 0 0 3f 0 3f 3f 0 3f 3f 0 3f 3f 0 3f 3f 0 3f 3f 0 3f 3f 0 3f 3f 0 3f 3f 0 3f 3f 0 3f 3f 0 3f 0 0 0 3f 0 3f 3f 0 3f 3f 0 3f 3f 0 3f 3f
0 3f 3f 0 3f 3f 0 3f 3f 0 3f 3f 0 3f 3b 3f 31 38 3f 3f 3b 35 3d 3d 2b 3a 3f 0 3f 3f 0 3f 0 0 0 3f 3b 30 3f 35 29 3f 2f 21 3f 29 1a 3f 24 14 3e 1f f 3d 1a 9 36 3f 3f 2e 39 3f 25 33
3f 1d 2d 3f 14 26 3f a 1f 3f 0 18 3e 3f 0 3f 0 0 0 33 2f 26 33 2b 21 33 25 1b 33 21 15 32 1d 10 31 19 c 31 14 7 2b 32 33 25 2d 33 1e 29 33 17 25 33 10 1f 33 8 19 32 0 13 31 3f 0 3f
0 0 0 3f 3f 14 3d 3f 22 3b 3f 31 38 3f 3f 3b 35 3d 3d 2b 3a 3f 20 37 3f 30 2d 3d 3f 22 3f 0 3f 3f 0 3f 3f 0 3f 3f 0 3f 3f 0 3f 3f 0 3f 0 0 0 3f 28 1b 0 0 0 7 0 2c 3f 18 25 0
d 3f 3f 3f 22 3f 0 0 0 0 3a 3f 3f 26 3f 0 3f 3f 0 3f 3f 0 3f 3f 0 3f 3f 0 3f 3f 0 3f 0 0 0 33 20 16 0 0 0 5 0 1f 32 13 1e 0 a 32 32 32 1b 32 0 0 0 0 2d 32 32 1e 3f 37
25 13 39 25 3f 0 3f 3f 0 3f 3f 0 3f 3f 0 3f 0 0 0 3f 26 0 3f 1f 0 3f 16 0 3f 0 0 3c 12 14 2f 16 2a 1c 9 3d 2d 25 3f 2d 21 3f 2d 1c 3f 2d 17 3f 2c 11 3f 2c b 3f 0 a 10 3f 0 3f
0 0 0 b 2d 3f 0 23 3f 0 17 3f 0 8 36 0 0 26 3f 3f 3f 3f 3f 10 3b 30 1 d d d 24 24 24 14 14 14 c c c 0 0 0 1d 23 5 b 12 2 0 0 0 3f 23 18 3f 0 0 39 0 0 33 0 0 2d
0 0 28 38 2e 11 31 1e 19 19 25 39 38 37 35 36 36 32 33 35 2f 31 34 2c 2f 33 29 2d 32 25 29 2f 0 0 0 24 26 2b 23 24 28 22 22 24 22 1f 20 21 1d 1d 30 27 f 2d 24 d 2b 22 c 27 1e a 1c 16
5 23 31 4 27 2e d 15 1a 1 3a 3a 30 2d 24 d 0 0 0 9 24 32 0 1c 32 0 12 32 0 6 29 0 0 19 32 32 32 32 32 d 2e 26 1 0 0 0 17 17 17 7 7 7 0 0 0 0 0 0 13 16 3 3 5 1
0 0 0 32 1c 13 32 0 0 2c 0 0 26 0 0 20 0 0 1f 2b 23 d 24 16 11 11 18 2c 2b 2b 29 29 29 26 27 28 23 25 27 21 23 26 1e 21 25 1b 1e 22 0 0 0 19 1b 1e 18 19 1b 16 16 17 15 14 14 14
12 12 23 1d b 20 1a 9 1e 18 9 1a 14 7 f c 3 1a 24 3 1c 21 a b d 1 2d 2d 25 20 1a 9 0 0 0 3f 3f 3f 20 20 20 0 0 0 0 0 0 16 16 16 2e 2e 2e 3f 0 0 3e 1e 1e 3e 30 30 3f 3f
0 0 0 3f 3f 0 3f 3f 0 3f 3f 0 3f 3f 0 3f 0 0 0 10 a 4 12 c 6 16 e 8 1a 10 a 1e 12 c 22 14 e 26 16 12 32 1c 10 32 1e 12 34 22 14 36 26 18 36 28 1a 38 2c 1c 3a 30 20 3e 0 3e
m_base_addr[] 16 4
0 0 0 0 0 0 0 0 0 0 0 0 0 0 0 0
