frame 5800
m_md 2
m_page_x 40
m_page_y 20
m_page_size 0
m_pattern_size 0
m_bits16 1
m_pny_shift 6
m_na8_mask 3
m_base_y_shift 2
m_h_div_size 0
m_v_div_size 0
m_col_shift 8
m_flip 1
m_zron 0
m_dspe 1
m_dckm 0
m_h_display_size 3
m_v_display_size 3
m_roz_wrap_disable 0
m_scroll_wrap_disable 0
m_planeA_trans_enable 0
m_planeB_trans_enable 0
m_priority_mode 0
m_cbdr 0
m_yse 0
m_scm 0
m_planeA_color_fetch 0
m_planeB_color_fetch 0
m_sprite_color_fetch 0
m_mosaic_aplane 0
m_mosaic_bplane 0
m_sprite_disable 0
m_sprite_aux_mode 0
m_sprite_aux_reg 1
m_border_color 0
m_sprite_bank 2c
m_namcond1_gfxbank 0
m_vblank_irq_mask 1
m_raster_irq_mask 1
m_raster_irq_hpos 0
m_raster_irq_vpos 0
m_raster_irq_mode 0
m_ax 0
m_ay 0
m_dx 0
m_dy 0
m_dxy 0
m_dyx 0
m_raw_ax 0
m_raw_ay 0
m_raw_dx 0
m_raw_dy 0
m_raw_dxy 0
m_raw_dyx 0
m_crtc.htotal 324
m_crtc.vtotal 105
m_crtc.display_hstart 6c
m_crtc.display_vstart 1a
m_crtc.display_width 240
m_crtc.display_height e0
m_crtc.display_hsync 30
m_crtc.display_vsync 3
m_crtc.border_width 20
m_crtc.border_height 0
m_screen_status 0
m_ba_plane_scroll_select 1
m_plane_select_access 0
m_xtile_ptr 3e
m_ytile_ptr 8
m_pattern_name_table[] 4096 1
40 0 40 0 40 0 40 0 40 0 40 0 40 0 40 0 40 0 40 0 40 0 40 0 40 0 40 0 40 0 40 0 40 0 40 0 40 0 40 0 40 0 40 0 40 0 40 0 40 0 40 0 40 0 40 0 40 0 40 0 40 0 40 0
40 0 40 0 40 0 40 0 40 0 40 0 40 0 40 0 40 0 40 0 40 0 40 0 40 0 40 0 40 0 40 0 40 0 40 0 40 0 40 0 40 0 40 0 40 0 40 0 40 0 40 0 40 0 40 0 40 0 40 0 40 0 40 0
40 0 40 0 40 0 40 0 40 0 40 0 40 0 40 0 40 0 40 0 40 0 40 0 40 0 40 0 40 0 40 0 40 0 40 0 40 0 40 0 40 0 40 0 40 0 40 0 40 0 40 0 40 0 40 0 40 0 40 0 40 0 40 0
40 0 40 0 40 0 40 0 40 0 40 0 40 0 40 0 40 0 40 0 40 0 40 0 40 0 40 0 40 0 40 0 40 0 40 0 40 0 40 0 40 0 40 0 40 0 40 0 40 0 40 0 40 0 40 0 40 0 40 0 40 0 40 0
fc 10 d0 10 d2 10 d2 10 d2 10 d2 10 d2 10 d2 10 d2 10 d2 10 d4 10 fc 10 fc 10 fc 10 da 10 40 0 dc 10 fc 10 fc 10 fc 10 d0 10 d2 10 d2 10 d2 10 d2 10 d6 10 d8 10 d2 10 d2 10 d2 10 d2 10 d4 10
40 0 40 0 40 0 40 0 40 0 40 0 40 0 40 0 40 0 40 0 40 0 40 0 40 0 40 0 40 0 40 0 40 0 40 0 40 0 40 0 40 0 40 0 40 0 40 0 40 0 40 0 40 0 40 0 40 0 40 0 40 0 40 0
fc 10 da 10 10 10 10 10 14 10 10 10 10 10 10 10 10 10 10 10 dc 10 fc 10 fc 10 fc 10 da 10 40 0 dc 10 fc 10 fc 10 fc 10 da 10 10 10 10 10 10 10 14 10 de 10 e4 10 10 10 10 10 10 10 10 10 dc 10
40 0 40 0 40 0 40 0 40 0 40 0 40 0 40 0 40 0 40 0 40 0 40 0 40 0 40 0 40 0 40 0 40 0 40 0 40 0 40 0 40 0 40 0 40 0 40 0 40 0 40 0 40 0 40 0 40 0 40 0 40 0 40 0
fc 10 da 10 10 10 e6 10 e8 10 ea 10 10 10 e6 10 ea 10 10 10 dc 10 fc 10 fc 10 fc 10 da 10 40 0 dc 10 fc 10 fc 10 fc 10 da 10 10 10 e6 10 ea 10 10 10 e7 10 eb 10 10 10 e6 10 ea 10 10 10 dc 10
90 70 92 70 40 0 40 0 40 0 40 0 40 0 40 0 40 0 40 0 40 0 40 0 40 0 40 0 40 0 40 0 40 0 40 0 40 0 40 0 40 0 40 0 40 0 40 0 40 0 40 0 40 0 40 0 40 0 40 0 40 0 40 0
fc 10 da 10 10 10 de 10 fc 10 e4 10 10 10 de 10 e4 10 10 10 dc 10 fc 10 fc 10 fc 10 da 10 40 0 dc 10 fc 10 fc 10 fc 10 da 10 10 10 de 10 e4 10 10 10 10 10 10 10 10 10 de 10 e4 10 10 10 dc 10
91 70 93 70 40 0 40 0 40 0 40 0 40 0 40 0 40 0 40 0 40 0 40 0 40 0 40 0 40 0 40 0 40 0 40 0 40 0 40 0 40 0 40 0 40 0 40 0 40 0 40 0 40 0 40 0 40 0 40 0 40 0 40 0
fc 10 da 10 10 10 de 10 fc 10 e4 10 10 10 de 10 e4 10 10 10 dc 10 fc 10 fc 10 fc 10 da 10 40 0 dc 10 fc 10 fc 10 fc 10 da 10 10 10 de 10 f2 10 e8 10 e8 10 ea 10 10 10 de 10 e4 10 10 10 dc 10
40 0 40 0 40 0 40 0 40 0 40 0 40 0 40 0 40 0 40 0 40 0 40 0 40 0 40 0 40 0 40 0 40 0 40 0 40 0 40 0 40 0 40 0 40 0 40 0 40 0 40 0 40 0 40 0 40 0 40 0 40 0 40 0
fc 10 da 10 10 10 e7 10 e9 10 eb 10 10 10 e7 10 eb 10 10 10 e7 10 d2 10 d2 10 d2 10 eb 10 40 0 e7 10 d2 10 d2 10 d2 10 eb 10 10 10 e7 10 e9 10 e9 10 e9 10 eb 10 10 10 de 10 e4 10 10 10 dc 10
40 0 40 0 40 0 40 0 40 0 40 0 40 0 40 0 40 0 40 0 40 0 40 0 40 0 40 0 40 0 40 0 40 0 40 0 40 0 40 0 40 0 40 0 40 0 40 0 40 0 40 0 40 0 40 0 40 0 40 0 40 0 40 0
fc 10 da 10 10 10 10 10 10 10 10 10 10 10 10 10 10 10 10 10 10 10 10 10 10 10 10 10 10 10 10 10 10 10 10 10 10 10 10 10 10 10 10 10 10 10 10 10 40 0 10 10 10 10 10 10 de 10 e4 10 10 10 dc 10
40 0 40 0 40 0 40 0 40 0 40 0 40 0 40 0 40 0 40 0 40 0 40 0 40 0 40 0 40 0 40 0 40 0 40 0 40 0 40 0 40 0 40 0 40 0 40 0 40 0 40 0 40 0 40 0 40 0 40 0 40 0 40 0
fc 10 da 10 10 10 e6 10 e8 10 f8 10 10 10 f6 10 e8 10 e8 10 e8 10 e8 10 e8 10 e8 10 f8 10 40 0 f6 10 e8 10 e8 10 e8 10 ea 10 10 10 e6 10 f8 10 40 0 f6 10 e8 10 e8 10 f4 10 e4 10 10 10 dc 10
40 0 40 0 40 0 40 0 40 0 40 0 40 0 40 0 40 0 40 0 40 0 40 0 40 0 40 0 40 0 40 0 40 0 40 0 40 0 40 0 40 0 40 0 40 0 40 0 40 0 40 0 40 0 40 0 40 0 40 0 40 0 40 0
fc 10 da 10 10 10 de 10 fc 10 e4 10 10 10 f7 10 e9 10 e9 10 f5 10 f3 10 e9 10 e9 10 f9 10 40 0 f7 10 e9 10 e9 10 e9 10 eb 10 10 10 de 10 e4 10 40 0 f7 10 e9 10 e9 10 f5 10 e4 10 10 10 dc 10
40 0 40 0 40 0 40 0 40 0 40 0 40 0 40 0 40 0 40 0 40 0 40 0 40 0 40 0 40 0 40 0 40 0 40 0 40 0 40 0 40 0 40 0 40 0 40 0 40 0 40 0 40 0 40 0 40 0 40 0 40 0 40 0
fc 10 da 10 10 10 de 10 fc 10 e4 10 10 10 10 10 10 10 10 10 de 10 e4 10 40 0 40 0 40 0 40 0 40 0 40 0 40 0 40 0 40 0 10 10 de 10 e4 10 40 0 10 10 10 10 10 10 de 10 e4 10 10 10 dc 10
40 0 40 0 40 0 40 0 40 0 40 0 40 0 40 0 40 0 40 0 40 0 40 0 40 0 40 0 40 0 40 0 40 0 40 0 40 0 40 0 40 0 40 0 40 0 40 0 40 0 40 0 40 0 40 0 40 0 40 0 45 0 40 0
fc 10 da 10 10 10 de 10 fc 10 e4 10 10 10 e6 10 ea 10 10 10 de 10 e4 10 40 0 ec 10 d3 10 d3 10 d3 10 ee 10 40 0 e6 10 ea 10 10 10 de 10 e4 10 40 0 e6 10 ea 10 10 10 de 10 e4 10 10 10 dc 10
40 0 40 0 40 0 40 0 40 0 40 0 40 0 40 0 40 0 40 0 40 0 40 0 40 0 40 0 40 0 40 0 40 0 40 0 40 0 40 0 40 0 40 0 40 0 40 0 40 0 40 0 40 0 40 0 40 0 40 0 52 0 40 0
fc 10 da 10 10 10 e7 10 e9 10 eb 10 10 10 de 10 e4 10 10 10 e7 10 eb 10 40 0 dc 10 fc 10 fc 10 fc 10 da 10 40 10 de 10 e4 10 10 10 e7 10 eb 10 40 0 de 10 e4 10 10 10 e7 10 eb 10 10 10 dc 10
40 0 40 0 40 0 40 0 40 0 40 0 40 0 40 0 40 0 40 0 40 0 40 0 40 0 40 0 40 0 40 0 40 0 40 0 40 0 40 0 40 0 40 0 40 0 40 0 40 0 40 0 40 0 40 0 40 0 40 0 4f 0 0 0
fc 10 da 10 10 10 10 10 10 10 10 10 10 10 de 10 e4 10 10 10 40 0 40 0 40 0 f0 10 fc 10 fc 10 fc 10 da 10 40 10 de 10 e4 10 10 10 10 10 10 10 40 0 de 10 e4 10 10 10 10 10 10 10 10 10 dc 10
40 0 40 0 40 0 40 0 40 0 40 0 40 0 40 0 40 0 40 0 40 0 40 0 40 0 40 0 40 0 40 0 40 0 40 0 40 0 40 0 40 0 40 0 40 0 40 0 40 0 40 0 40 0 40 0 40 0 40 0 43 0 0 0
fc 10 fa 10 e8 10 e8 10 e8 10 ea 10 10 10 de 10 f2 10 e8 10 e8 10 ea 10 40 0 ce 10 fc 10 fc 10 fc 10 da 10 40 10 de 10 f2 10 e8 10 e8 10 ea 10 40 0 de 10 f2 10 e8 10 e8 10 ea 10 10 10 dc 10
40 0 40 0 40 0 40 0 40 0 40 0 40 0 40 0 40 0 40 0 40 0 40 0 40 0 40 0 40 0 40 0 40 0 40 0 40 0 40 0 40 0 40 0 40 0 40 0 40 0 40 0 40 0 40 0 40 0 40 0 53 0 0 0
fc 14 fa 14 e8 14 e8 14 e8 14 ea 14 10 10 de 14 f2 14 e8 14 e8 14 ea 14 40 0 ce 14 fc 14 fc 14 fc 14 da 14 40 10 de 14 f2 14 e8 14 e8 14 ea 14 40 0 de 14 f2 14 e8 14 e8 14 ea 14 10 10 dc 14
40 0 40 0 40 0 40 0 40 0 40 0 40 0 40 0 40 0 40 0 40 0 40 0 40 0 40 0 40 0 40 0 40 0 40 0 40 0 40 0 40 0 40 0 40 0 40 0 40 0 40 0 40 0 40 0 40 0 40 0 40 0 0 0
fc 14 da 14 10 10 10 10 10 10 10 10 10 10 de 14 e4 14 10 10 40 0 40 0 40 0 f0 14 fc 14 fc 14 fc 14 da 14 40 10 de 14 e4 14 10 10 10 10 10 10 40 0 de 14 e4 14 10 10 10 10 10 10 10 10 dc 14
40 0 40 0 40 0 40 0 40 0 40 0 40 0 40 0 40 0 40 0 40 0 40 0 40 0 40 0 40 0 40 0 40 0 40 0 40 0 40 0 40 0 40 0 40 0 40 0 40 0 40 0 40 0 40 0 40 0 40 0 48 0 1 0
fc 14 da 14 10 10 e7 14 e9 14 eb 14 10 10 de 14 e4 14 10 10 e7 14 eb 14 40 0 dc 14 fc 14 fc 14 fc 14 da 14 40 10 de 14 e4 14 10 10 e7 14 eb 14 40 0 de 14 e4 14 10 10 e7 14 eb 14 10 10 dc 14
40 0 40 0 40 0 40 0 40 0 40 0 40 0 40 0 40 0 40 0 40 0 40 0 40 0 40 0 40 0 40 0 40 0 40 0 40 0 40 0 40 0 40 0 40 0 40 0 40 0 40 0 40 0 40 0 40 0 40 0 47 0 40 0
fc 14 da 14 10 10 de 14 fc 14 e4 14 10 10 e6 14 ea 14 10 10 de 14 e4 14 40 0 ec 14 d3 14 d3 14 d3 14 ee 14 40 0 e6 14 ea 14 10 10 de 14 e4 14 40 0 e6 14 ea 14 10 10 de 14 e4 14 10 10 dc 14
40 0 40 0 40 0 40 0 40 0 40 0 40 0 40 0 40 0 40 0 40 0 40 0 40 0 40 0 40 0 40 0 40 0 40 0 40 0 40 0 40 0 40 0 40 0 40 0 40 0 40 0 40 0 40 0 40 0 40 0 49 0 40 0
fc 14 da 14 10 10 de 14 fc 14 e4 14 10 10 10 10 10 10 10 10 de 14 e4 14 40 0 40 0 40 0 40 0 40 0 40 0 40 0 40 0 40 0 10 10 de 14 e4 14 40 0 10 10 10 10 10 10 de 14 e4 14 10 10 dc 14
40 0 40 0 40 0 40 0 40 0 40 0 40 0 40 0 40 0 40 0 40 0 40 0 40 0 40 0 40 0 40 0 40 0 40 0 40 0 40 0 40 0 40 0 40 0 40 0 40 0 40 0 40 0 40 0 40 0 40 0 48 0 40 0
fc 14 da 14 10 10 de 14 fc 14 e4 14 10 10 f7 14 e9 14 e9 14 f5 14 f3 14 e9 14 e9 14 f9 14 40 0 f7 14 e9 14 e9 14 e9 14 eb 14 10 10 de 14 e4 14 40 0 f7 14 e9 14 e9 14 f5 14 e4 14 10 10 dc 14
40 0 40 0 40 0 40 0 40 0 40 0 40 0 40 0 40 0 40 0 40 0 40 0 40 0 40 0 40 0 40 0 40 0 40 0 40 0 40 0 40 0 40 0 40 0 40 0 40 0 40 0 40 0 40 0 40 0 40 0 40 0 40 0
fc 14 da 14 10 10 e6 14 e8 14 f8 14 10 10 f6 14 e8 14 e8 14 e8 14 e8 14 e8 14 e8 14 f8 14 40 0 f6 14 e8 14 e8 14 e8 14 ea 14 10 10 e6 14 f8 14 40 0 f6 14 e8 14 e8 14 f4 14 e4 14 10 10 dc 14
40 0 40 0 40 0 40 0 40 0 40 0 40 0 40 0 40 0 40 0 40 0 40 0 40 0 40 0 40 0 40 0 40 0 40 0 40 0 40 0 40 0 40 0 40 0 40 0 40 0 40 0 40 0 40 0 40 0 40 0 40 0 40 0
fc 14 da 14 10 10 10 10 10 10 10 10 10 10 10 10 10 10 10 10 10 10 10 10 10 10 10 10 10 10 10 10 10 10 10 10 10 10 10 10 10 10 10 10 10 10 10 10 40 0 10 10 10 10 10 10 de 14 e4 14 10 10 dc 14
40 0 40 0 40 0 40 0 40 0 40 0 40 0 40 0 40 0 40 0 40 0 40 0 40 0 40 0 40 0 40 0 40 0 40 0 40 0 40 0 40 0 40 0 40 0 40 0 40 0 40 0 40 0 40 0 40 0 40 0 40 0 0 0
fc 14 da 14 10 10 e7 14 e9 14 eb 14 10 10 e7 14 eb 14 10 10 e7 14 d2 14 d2 14 d2 14 eb 14 40 0 e7 14 d2 14 d2 14 d2 14 eb 14 10 10 e7 14 e9 14 e9 14 e9 14 eb 14 10 10 de 14 e4 14 10 10 dc 14
40 0 40 0 40 0 40 0 40 0 40 0 40 0 40 0 40 0 40 0 40 0 40 0 40 0 40 0 40 0 40 0 40 0 40 0 40 0 40 0 40 0 40 0 40 0 40 0 40 0 40 0 40 0 40 0 40 0 40 0 40 0 4 0
fc 14 da 14 10 10 de 14 fc 14 e4 14 10 10 de 14 e4 14 10 10 dc 14 fc 14 fc 14 fc 14 da 14 40 0 dc 14 fc 14 fc 14 fc 14 da 14 10 10 de 14 f2 14 e8 14 e8 14 ea 14 10 10 de 14 e4 14 10 10 dc 14
40 0 40 0 40 0 40 0 40 0 40 0 40 0 40 0 40 0 40 0 40 0 40 0 40 0 40 0 40 0 40 0 40 0 40 0 40 0 40 0 40 0 40 0 40 0 40 0 40 0 40 0 40 0 40 0 40 0 40 0 40 0 1 0
fc 14 da 14 10 10 de 14 fc 14 e4 14 10 10 de 14 e4 14 10 10 dc 14 fc 14 fc 14 fc 14 da 14 40 0 dc 14 fc 14 fc 14 fc 14 da 14 10 10 de 14 e4 14 10 10 10 10 10 10 10 10 de 14 e4 14 10 10 dc 14
40 0 40 0 40 0 40 0 40 0 40 0 40 0 40 0 40 0 40 0 40 0 40 0 40 0 40 0 40 0 40 0 40 0 40 0 40 0 40 0 40 0 40 0 40 0 40 0 40 0 40 0 40 0 40 0 40 0 40 0 40 0 40 0
fc 14 da 14 10 10 e6 14 e8 14 ea 14 10 10 e6 14 ea 14 10 10 dc 14 fc 14 fc 14 fc 14 da 14 40 0 dc 14 fc 14 fc 14 fc 14 da 14 10 10 e6 14 ea 14 10 10 e7 14 eb 14 10 10 e6 14 ea 14 10 10 dc 14
40 0 40 0 40 0 40 0 40 0 40 0 40 0 40 0 40 0 40 0 40 0 40 0 40 0 40 0 40 0 40 0 40 0 40 0 40 0 40 0 40 0 40 0 40 0 40 0 40 0 40 0 40 0 40 0 40 0 40 0 40 0 40 0
fc 14 da 14 10 10 10 10 14 10 10 10 10 10 10 10 10 10 10 10 dc 14 fc 14 fc 14 fc 14 da 14 40 0 dc 14 fc 14 fc 14 fc 14 da 14 10 10 10 10 10 10 14 10 de 14 e4 14 10 10 10 10 10 10 10 10 dc 14
40 0 40 0 40 0 40 0 40 0 40 0 40 0 40 0 40 0 40 0 40 0 40 0 40 0 40 0 40 0 40 0 40 0 40 0 40 0 40 0 40 0 40 0 40 0 40 0 40 0 40 0 40 0 40 0 40 0 40 0 40 0 40 0
fc 14 d0 14 d2 14 d2 14 d2 14 d2 14 d2 14 d2 14 d2 14 d2 14 d4 14 fc 14 fc 14 fc 14 da 14 40 0 dc 14 fc 14 fc 14 fc 14 d0 14 d2 14 d2 14 d2 14 d2 14 d6 14 d8 14 d2 14 d2 14 d2 14 d2 14 d4 14
40 0 40 0 40 0 40 0 40 0 40 0 40 0 40 0 40 0 40 0 40 0 40 0 40 0 40 0 40 0 40 0 40 0 40 0 40 0 40 0 40 0 40 0 40 0 40 0 40 0 40 0 40 0 40 0 40 0 40 0 40 0 40 0
40 0 40 0 40 0 40 0 40 0 40 0 40 0 40 0 40 0 40 0 40 0 40 0 40 0 40 0 40 0 40 0 40 0 40 0 40 0 40 0 40 0 40 0 40 0 40 0 40 0 40 0 40 0 40 0 40 0 40 0 40 0 40 0
40 0 40 0 40 0 40 0 40 0 40 0 40 0 40 0 40 0 40 0 40 0 40 0 40 0 40 0 40 0 40 0 40 0 40 0 40 0 40 0 40 0 40 0 40 0 40 0 40 0 40 0 40 0 40 0 40 0 40 0 40 0 40 0
40 0 40 0 40 0 40 0 40 0 40 0 40 0 40 0 40 0 40 0 40 0 40 0 40 0 40 0 40 0 40 0 40 0 40 0 40 0 40 0 40 0 40 0 40 0 40 0 40 0 40 0 40 0 40 0 40 0 40 0 40 0 40 0
40 0 40 0 40 0 40 0 40 0 40 0 40 0 40 0 40 0 40 0 40 0 40 0 40 0 40 0 40 0 40 0 40 0 40 0 40 0 40 0 40 0 40 0 40 0 40 0 40 0 40 0 40 0 40 0 40 0 40 0 40 0 40 0
m_sprite_attribute_table.b[] 256 1
a3 c8 c0 63 73 fa d0 67 66 9c e0 65 57 87 f0 63 a3 cc 14 6c 0 0 1 0 0 0 1 0 0 0 1 0 0 0 1 0 0 0 1 0 0 0 1 0 0 0 1 0 0 0 1 0 0 0 1 0 0 0 1 0 0 0 1 0
0 0 1 0 0 0 1 0 0 0 1 0 0 0 1 0 0 0 1 0 0 0 1 0 0 0 1 0 0 0 1 0 0 0 1 0 0 0 1 0 0 0 1 0 0 0 1 0 0 0 1 0 0 0 1 0 0 0 1 0 0 0 1 0
0 0 1 0 0 0 1 0 0 0 1 0 0 0 1 0 0 0 1 0 0 0 1 0 0 0 1 0 0 0 1 0 0 0 1 0 0 0 1 0 0 0 1 0 0 0 1 0 0 0 1 0 0 0 1 0 0 0 1 0 0 0 1 0
0 0 1 0 0 0 1 0 0 0 1 0 0 0 1 0 0 0 1 0 0 0 1 0 0 0 1 0 0 0 1 0 0 0 1 0 0 0 1 0 0 0 1 0 0 0 1 0 0 0 1 0 0 0 1 0 0 0 1 0 0 0 1 0
m_scroll_data_table[] 512 1
10 0 0 0 0 0 0 0 0 0 0 0 0 0 0 0 0 0 0 0 0 0 0 0 0 0 0 0 0 0 0 0 0 0 0 0 0 0 0 0 0 0 0 0 0 0 0 0 0 0 0 0 0 0 0 0 0 0 0 0 0 0 0 0
0 0 0 0 0 0 0 0 0 0 0 0 0 0 0 0 0 0 0 0 0 0 0 0 0 0 0 0 0 0 0 0 0 0 0 0 0 0 0 0 0 0 0 0 0 0 0 0 0 0 0 0 0 0 0 0 0 0 0 0 0 0 0 0
f0 ff 0 0 0 0 0 0 0 0 0 0 0 0 0 0 0 0 0 0 0 0 0 0 0 0 0 0 0 0 0 0 0 0 0 0 0 0 0 0 0 0 0 0 0 0 0 0 0 0 0 0 0 0 0 0 0 0 0 0 0 0 0 0
b b b b b b b b b b b b b b b b b b b b b b b b b b b b b b b b 0 0 0 0 0 0 0 0 0 0 0 0 0 0 0 0 0 0 0 0 0 0 0 0 0 0 0 0 0 0 0 0
0 0 0 0 0 0 0 0 0 0 0 0 0 0 0 0 0 0 0 0 0 0 0 0 0 0 0 0 0 0 0 0 0 0 0 0 0 0 0 0 0 0 0 0 0 0 0 0 0 0 0 0 0 0 0 0 0 0 0 0 0 0 0 0
0 0 0 0 0 0 0 0 0 0 0 0 0 0 0 0 0 0 0 0 0 0 0 0 0 0 0 0 0 0 0 0 0 0 0 0 0 0 0 0 0 0 0 0 0 0 0 0 0 0 0 0 0 0 0 0 0 0 0 0 0 0 0 0
0 0 0 0 0 0 0 0 0 0 0 0 0 0 0 0 0 0 0 0 0 0 0 0 0 0 0 0 0 0 0 0 0 0 0 0 0 0 0 0 0 0 0 0 0 0 0 0 0 0 0 0 0 0 0 0 0 0 0 0 0 0 0 0
0 0 0 0 0 0 0 0 0 0 0 0 0 0 0 0 0 0 0 0 0 0 0 0 0 0 0 0 0 0 0 0 0 0 0 0 0 0 0 0 0 0 0 0 0 0 0 0 0 0 0 0 0 0 0 0 0 0 0 0 0 0 0 0
m_colour_palette[] 768 1
0 0 0 38 0 0 0 0 0 0 0 0 3e 3e 3e 0 0 0 0 0 0 0 0 0 0 0 0 0 0 0 0 0 0 0 0 0 0 0 0 0 0 0 0 0 0 0 0 0 0 0 0 0 0 0 0 0 3e 3f 28 3f 3f 3f 0 0
0 0 0 0 0 0 0 0 0 0 0 0 0 0 0 0 0 0 0 0 0 0 0 3f 3f 0 3f 26 20 0 0 0 0 0 0 0 0 0 0 0 0 0 0 0 3f 26 20 0 0 0 0 0 0 0 0 0 0 0 0 0 0 0 0 0
0 0 0 0 0 0 0 0 0 0 0 0 0 0 0 0 0 0 0 0 0 0 0 0 0 0 0 0 0 0 0 0 0 0 0 0 0 0 0 0 0 0 0 0 0 0 0 0 0 0 0 0 0 0 0 0 0 0 0 0 0 0 0 0
0 0 0 0 0 0 0 0 0 0 0 0 0 0 0 0 0 0 0 0 0 0 0 0 0 0 0 0 0 0 0 0 0 0 0 0 0 0 0 0 0 0 0 0 0 0 0 0 0 0 0 0 0 0 0 0 0 0 0 0 0 0 0 0
0 0 0 0 0 0 0 0 0 0 0 0 0 0 0 0 0 0 0 0 0 0 0 0 0 0 0 0 0 0 0 0 0 0 0 0 0 0 0 0 0 0 0 0 0 0 0 0 0 0 0 0 0 0 0 0 0 0 0 0 0 0 0 0
0 0 0 0 0 0 0 0 0 0 0 0 0 0 0 0 0 0 0 3e 0 0 38 26 1a 3f 3c 3c 0 0 0 0 0 0 0 0 0 0 0 0 0 0 0 0 0 0 0 0 0 0 0 0 0 0 0 3e 0 0 3e 2e 22 3e 3e 3e
0 0 0 3e 0 0 3f 3c 3c 0 3c 0 0 0 0 0 0 0 0 0 0 0 0 0 0 0 0 0 0 0 0 0 0 0 0 0 0 0 0 3e 0 0 3e 3e 3e 0 38 0 0 0 0 3e 2c 0 0 3c 0 38 20 1a 0 0 0 0
0 0 0 0 0 0 0 0 0 0 0 0 0 0 0 0 0 0 0 0 0 0 0 3e 2e 22 0 0 38 0 38 0 0 0 0 3f 3f 0 3e 3e 3e 0 30 3a 0 0 0 0 0 0 0 0 0 0 0 0 0 0 0 0 0 0 0 0
0 0 0 0 0 0 0 0 0 0 0 0 3e 3e 2e 22 0 0 0 3e 0 0 38 26 1a 3e 3e 3e 0 0 0 0 0 0 0 0 0 0 0 0 0 0 0 0 0 0 0 0 0 0 0 0 0 0 0 0 0 0 3e 3e 3e 3e 0 0
0 0 0 0 3f 0 0 22 22 38 38 38 3e 0 0 0 0 0 0 0 0 0 0 0 0 0 0 0 0 0 0 0 0 3f 2a 24 0 0 0 3f 0 0 0 0 3e 3e 3e 3e 0 0 0 3f 3f 0 3e 0 0 0 0 3e 3f 28 3f 0
0 0 0 0 0 0 0 0 0 0 0 0 0 0 0 0 0 0 0 0 0 0 0 3f 28 3f 0 0 3e 3e 3e 3e 0 0 0 0 2a 3e 3e 3e 3e 0 0 0 0 3f 3f 0 0 0 0 0 0 0 0 0 0 0 0 0 0 0 0 0
0 0 0 0 0 0 0 0 3f 3f 0 0 3e 3e 3e 3e 2 2 2 2c 0 0 0 30 3e 1a 3e 14 3f 2a 0 0 0 0 0 0 0 0 0 0 0 0 0 0 0 0 0 0 0 0 0 0 0 0 0 3f 2a 0 0 0 3e 3e 3e 3e
m_base_addr[] 16 4
0 0 0 0 0 0 0 0 0 0 0 0 0 0 0 0
