frame 2600
m_md 0
m_page_x 40
m_page_y 20
m_page_size 0
m_pattern_size 0
m_bits16 0
m_pny_shift 6
m_na8_mask f
m_base_y_shift 2
m_h_div_size 0
m_v_div_size 0
m_col_shift 8
m_flip 0
m_zron 0
m_dspe 1
m_dckm 0
m_h_display_size 3
m_v_display_size 3
m_roz_wrap_disable 0
m_scroll_wrap_disable 0
m_planeA_trans_enable 1
m_planeB_trans_enable 0
m_priority_mode 1
m_cbdr 0
m_yse 0
m_scm 0
m_planeA_color_fetch 4
m_planeB_color_fetch 4
m_sprite_color_fetch 0
m_mosaic_aplane 0
m_mosaic_bplane 0
m_sprite_disable 0
m_sprite_aux_mode 1
m_sprite_aux_reg 0
m_border_color 0
m_sprite_bank 98
m_namcond1_gfxbank 2
m_vblank_irq_mask 1
m_raster_irq_mask 1
m_raster_irq_hpos 0
m_raster_irq_vpos 0
m_raster_irq_mode 0
m_ax 0
m_ay 0
m_dx 0
m_dy 0
m_dxy 0
m_dyx 0
m_raw_ax 0
m_raw_ay 0
m_raw_dx 0
m_raw_dy 0
m_raw_dxy 0
m_raw_dyx 0
m_crtc.htotal 324
m_crtc.vtotal 105
m_crtc.display_hstart 6c
m_crtc.display_vstart 1a
m_crtc.display_width 240
m_crtc.display_height e0
m_crtc.display_hsync 30
m_crtc.display_vsync 3
m_crtc.border_width 20
m_crtc.border_height 0
m_screen_status 0
m_ba_plane_scroll_select 1
m_plane_select_access 0
m_xtile_ptr 22
m_ytile_ptr c
m_pattern_name_table[] 4096 1
50 50 50 50 50 50 50 50 50 50 50 50 50 50 50 50 50 50 50 50 50 50 50 50 50 50 50 50 50 50 50 50 50 50 50 50 50 50 50 50 50 50 50 50 50 50 50 50 50 50 50 50 50 50 50 50 50 50 50 50 50 50 50 50
50 50 50 50 50 50 50 50 50 50 50 50 50 50 50 50 50 50 50 27 50 50 50 50 50 50 50 50 50 50 50 50 50 50 50 50 50 50 50 50 50 50 50 50 50 50 50 50 50 50 50 50 50 50 50 50 50 50 50 50 50 50 50 50
50 50 50 50 50 50 50 50 50 50 50 50 50 50 50 50 50 50 50 28 50 50 50 50 50 50 50 50 50 50 50 50 50 50 50 50 50 50 50 50 50 50 50 50 50 50 50 50 50 50 50 50 50 50 50 50 50 50 50 50 50 50 50 50
50 50 50 50 50 50 50 50 50 50 50 50 50 50 50 50 50 50 50 2d 50 50 50 50 50 35 50 50 50 50 50 50 50 50 11 50 50 50 50 50 50 50 50 50 50 50 50 50 50 50 50 50 50 50 50 50 50 50 50 50 50 50 50 50
50 50 50 50 5f 70 83 96 a8 50 50 50 50 50 50 50 50 50 50 2d 50 50 50 50 50 1d 50 50 50 50 50 50 50 50 50 50 50 50 50 50 50 50 50 50 50 50 50 50 50 50 50 50 50 50 50 50 50 50 50 50 50 50 50 50
50 50 50 50 5e 6f 82 95 a7 b3 50 50 50 50 50 50 50 50 50 2e 50 50 50 50 50 2d 50 1d 50 50 50 50 50 50 50 50 50 50 50 50 50 50 50 50 50 50 50 50 50 50 50 50 50 50 50 50 50 50 50 50 50 50 50 50
50 50 50 50 5d 6e 81 94 a6 c2 d2 e2 f1 50 50 50 50 50 50 1b 50 50 50 50 50 25 50 1e 50 50 50 50 50 50 2d 50 50 50 50 50 50 50 50 50 50 50 50 50 50 50 50 50 50 50 50 50 50 50 50 50 50 50 50 50
50 50 50 50 50 6d 80 93 a5 c1 d1 e1 f0 50 50 50 50 50 50 50 50 50 50 50 50 50 50 2f 50 50 50 50 50 50 22 50 50 50 50 50 50 50 50 50 50 50 50 50 50 50 50 50 50 50 50 50 50 50 50 50 50 50 50 50
50 50 50 50 50 50 7f 92 a4 c1 d0 e0 e4 50 50 50 50 50 50 2d 50 50 50 50 50 28 50 2b 50 50 50 50 50 50 1d 50 50 50 50 50 50 50 50 50 50 50 50 50 50 50 50 50 50 50 50 50 50 50 50 50 50 50 50 50
50 50 50 50 50 50 7e 91 a3 c1 cf df ef 50 50 50 50 50 50 2b 50 50 50 50 50 1c 50 1e 50 50 50 50 50 50 1e 50 50 50 50 50 50 50 50 50 50 50 50 50 50 50 50 50 50 50 50 50 50 50 50 50 50 50 50 50
50 50 50 50 5c 6c 7d 90 a2 c1 ce de ee 50 50 50 50 50 50 1a 50 50 50 50 50 26 50 2c 50 50 4f 50 50 50 2b 50 50 50 50 50 50 50 50 50 50 50 50 50 50 50 50 50 50 50 50 50 50 50 50 50 50 50 50 50
50 50 50 50 5b 6b 7c 8f a1 c1 cd dd ed 50 50 50 50 50 50 2d 50 50 50 50 50 1a 50 1e 50 50 4e 50 50 50 1c 50 50 50 50 50 50 50 50 50 50 50 50 50 50 50 50 50 50 50 50 50 50 50 50 50 50 50 50 50
50 50 50 50 5a 6a 7b 8e a0 c1 cc dc ec 50 50 50 50 50 50 2c 50 50 50 50 50 27 50 2b 50 50 4d 50 50 50 50 50 50 50 50 50 50 50 50 50 50 50 50 50 50 50 50 50 50 50 50 50 50 50 50 50 50 50 50 50
50 50 50 50 59 69 7a 8d 9f c1 cb db eb 50 50 50 50 50 50 50 50 50 50 50 50 50 50 50 50 50 4c 50 50 50 50 50 50 50 50 50 50 50 50 50 50 50 50 50 50 50 50 50 50 50 50 50 50 50 50 50 50 50 50 50
50 50 50 50 58 68 79 8c 9e c1 ca da ea 50 50 50 50 50 50 3 50 50 50 50 50 16 50 2c 50 50 4b 50 50 50 50 50 50 50 50 50 50 50 50 50 50 50 50 50 50 50 50 50 50 50 50 50 50 50 50 50 50 50 50 50
50 50 50 50 57 67 78 8b 9d c1 c9 d9 e9 50 50 50 50 50 50 2 50 50 50 50 50 19 50 2d 50 50 4a 50 50 50 50 50 50 50 50 50 50 50 50 50 50 50 50 50 50 50 50 50 50 50 50 50 50 50 50 50 50 50 50 50
50 50 50 50 56 66 77 8a 9c c1 c8 d8 e8 50 50 50 50 50 50 50 50 50 50 50 50 19 50 21 50 50 49 50 50 50 50 50 50 50 50 50 50 50 50 50 50 50 50 50 50 50 50 50 50 50 50 50 50 50 50 50 50 50 50 50
50 50 50 50 55 65 76 89 9b c1 c7 d7 e7 50 50 50 50 50 50 2b 50 50 50 50 50 11 50 20 50 50 48 50 50 50 50 50 50 50 50 50 50 50 50 50 50 50 50 50 50 50 50 50 50 50 50 50 50 50 50 50 50 50 50 50
50 50 50 50 54 64 75 88 9a c1 c6 d6 e6 50 50 50 50 50 50 28 50 50 50 50 50 50 50 22 50 50 50 50 50 50 50 50 50 50 50 50 50 50 50 50 50 50 50 50 50 50 50 50 50 50 50 50 50 50 50 50 50 50 50 50
50 50 50 50 53 63 74 87 99 c1 c5 d5 e5 50 50 50 50 50 50 50 50 50 50 50 50 12 50 2b 50 50 50 50 50 50 50 50 50 50 50 50 50 50 50 50 50 50 50 50 50 50 50 50 50 50 50 50 50 50 50 50 50 50 50 50
50 50 50 50 52 62 73 86 98 c1 c4 d4 e4 50 50 50 50 50 50 1 50 50 50 50 50 18 50 50 50 50 50 50 50 50 50 50 50 50 50 50 50 50 50 50 50 50 50 50 50 50 50 50 50 50 50 50 50 50 50 50 50 50 50 50
50 50 50 50 51 61 72 85 97 c0 c3 d3 e3 50 50 50 50 50 50 0 50 50 50 50 50 19 50 25 50 50 50 50 50 50 50 50 50 50 50 50 50 50 50 50 50 50 50 50 50 50 50 50 50 50 50 50 50 50 50 50 50 50 50 50
50 50 50 50 50 60 71 84 50 50 50 50 50 50 50 50 50 50 50 50 50 50 50 50 50 11 50 25 50 50 50 50 50 50 50 50 50 50 50 50 50 50 50 50 50 50 50 50 50 50 50 50 50 50 50 50 50 50 50 50 50 50 50 50
50 50 50 50 50 50 50 50 50 50 50 50 50 50 50 50 50 50 50 21 50 50 50 50 50 50 50 1a 50 50 50 50 50 50 50 50 50 50 50 50 50 50 50 50 50 50 50 50 50 50 50 50 50 50 50 50 50 50 50 50 50 50 50 50
50 50 50 50 50 50 50 50 50 50 50 50 50 50 50 50 50 50 50 2c 50 50 50 50 50 38 50 50 50 50 50 50 50 50 50 50 50 50 50 50 50 50 50 50 50 50 50 50 50 50 50 50 50 50 50 50 50 50 50 50 50 50 50 50
50 50 50 50 50 50 50 50 50 50 50 50 50 50 50 50 50 50 50 2e 50 50 50 50 50 50 50 50 50 50 50 50 50 50 50 50 50 50 50 50 50 50 50 50 50 50 50 50 50 50 50 50 50 50 50 50 50 50 50 50 50 50 50 50
50 50 50 50 50 50 50 50 50 50 50 50 50 50 50 50 50 50 50 29 50 50 50 50 50 50 50 50 50 50 50 50 50 50 50 50 50 50 50 50 50 50 50 50 50 50 50 50 50 50 50 50 50 50 50 50 50 50 50 50 50 50 50 50
50 50 50 50 50 50 50 50 50 50 50 50 50 50 50 50 50 50 50 50 50 50 50 50 50 50 50 50 50 50 50 50 50 50 50 50 50 50 50 50 50 50 50 50 50 50 50 50 50 50 50 50 50 50 50 50 50 50 50 50 50 50 50 50
50 0 50 0 50 0 50 0 50 0 50 0 50 0 50 0 50 0 c1 30 ca 30 da 30 ea 30 50 0 50 0 50 0 50 0 50 0 50 0 50 0 50 0 50 0 50 0 50 0 50 0 50 0 50 0 50 0 50 0 50 0 50 0 50 0
50 0 50 0 50 0 50 0 50 0 50 0 50 0 50 0 50 0 50 0 50 0 50 0 50 0 50 0 50 0 50 0 50 0 50 0 50 0 50 0 50 0 50 0 50 0 50 0 50 0 50 0 50 0 50 0 50 0 50 0 50 0 50 0
50 0 50 0 50 0 50 0 50 0 50 0 50 0 50 0 50 0 c1 30 c9 30 d9 30 e9 30 50 0 50 0 50 0 50 0 50 0 50 0 50 0 50 0 50 0 50 0 50 0 50 0 50 0 50 0 50 0 50 0 50 0 50 0 50 0
50 0 50 0 50 0 50 0 50 0 50 0 50 0 50 0 50 0 50 0 50 0 50 0 50 0 50 0 50 0 50 0 50 0 50 0 50 0 50 0 50 0 50 0 50 0 50 0 50 0 50 0 50 0 50 0 50 0 50 0 50 0 50 0
1 2 22 24 37 47 4d 4b 4f 50 47 4b 64 5f 60 58 5c 60 61 5c c2 83 90 8b 8f 91 83 8b a6 a3 9f 98 97 9b e0 e0 50 0 50 0 50 0 50 0 50 0 50 0 50 0 50 0 50 0 50 0 50 0 50 0 50 0 50 0
0 9 21 27 39 42 46 4a 4e 42 46 4a 62 59 5e 57 5b 5f 57 5e c0 8e 86 8f 91 82 82 93 a5 a2 9e a3 96 9a e0 e0 50 0 50 0 50 0 50 0 50 0 50 0 50 0 50 0 50 0 50 0 50 0 50 0 50 0 50 0
0 d 1f 25 38 50 45 49 4d 47 4b 49 63 5f 5a 61 5c 5e 58 5b c2 81 8e 8e 82 81 90 92 a4 99 9d 9d 95 99 e0 e0 50 0 50 0 50 0 50 0 50 0 50 0 50 0 50 0 50 0 50 0 50 0 50 0 50 0 50 0
1 c 20 24 3f 4b 44 48 4c 46 4a 48 64 5e 5e 52 5c 5e 52 5c c3 90 86 88 8c 80 84 85 a8 98 a3 a1 94 a3 e0 e0 50 0 50 0 50 0 50 0 50 0 50 0 50 0 50 0 50 0 50 0 50 0 50 0 50 0 50 0
1 b 22 27 37 47 47 4b 4f 45 49 50 65 5a 5f 57 5b 59 57 5b c2 81 85 8b 8f 83 87 82 a9 9b 9f a0 97 a2 e0 e0 50 0 50 0 50 0 50 0 50 0 50 0 50 0 50 0 50 0 50 0 50 0 50 0 50 0 50 0
0 a 21 25 35 4b 46 4a 4f 4f 46 4a 63 5e 5a 58 53 5f 5e 53 c0 80 86 8c 82 81 8a 8d a6 98 9e 99 96 a2 e0 e0 50 0 50 0 50 0 50 0 50 0 50 0 50 0 50 0 50 0 50 0 50 0 50 0 50 0 50 0
0 7 1f 31 3f 41 45 49 4d 41 45 49 64 60 5e 57 52 5e 57 5b c1 81 85 83 81 82 87 90 a7 99 9d a1 95 99 e0 e0 50 0 50 0 50 0 50 0 50 0 50 0 50 0 50 0 50 0 50 0 50 0 50 0 50 0 50 0
0 6 1e 30 37 44 44 48 4c 40 44 48 62 59 5a 58 5c 5e 58 5c c0 91 84 90 8c 82 84 88 a9 a3 a2 a0 94 98 e0 e0 50 0 50 0 50 0 50 0 50 0 50 0 50 0 50 0 50 0 50 0 50 0 50 0 50 0 50 0
0 9 1d 2f 36 4c 47 4b 4f 48 4c 4b 63 5f 5f 5d 5b 5a 5d 5b c5 c6 87 8b 8f 83 87 8b a6 9b 9f 99 a3 9b e0 e0 50 0 50 0 50 0 50 0 50 0 50 0 50 0 50 0 50 0 50 0 50 0 50 0 50 0 50 0
0 6 1c 34 35 47 46 4a 44 4b 4f 4a 64 5e 5e 5a 5b 59 5a 5b c4 c7 86 8a 8e 82 86 8a a8 a2 a3 a3 96 9d e0 e0 50 0 50 0 50 0 50 0 50 0 50 0 50 0 50 0 50 0 50 0 50 0 50 0 50 0 50 0
1 9 1d 2e 3f 41 45 49 47 41 45 49 65 5a 60 58 5c 5f 58 5c 5f c2 85 89 8d 81 91 89 a9 99 a2 a1 95 99 e0 e0 50 0 50 0 50 0 50 0 50 0 50 0 50 0 50 0 50 0 50 0 50 0 50 0 50 0 50 0
0 8 14 2d 37 4b 44 48 47 4b 44 48 63 60 60 57 5b 5e 57 5b c3 90 86 88 91 83 90 88 a7 98 9c a0 94 98 e0 e0 50 0 50 0 50 0 50 0 50 0 50 0 50 0 50 0 50 0 50 0 50 0 50 0 50 0 50 0
0 5 15 2c 35 43 47 4b 4f 4a 47 4b 64 5e 5f 61 5c 5a 61 c5 c6 84 85 8b 8f 82 87 93 a5 a3 9b a2 a3 9b e0 e0 50 0 50 0 50 0 50 0 50 0 50 0 50 0 50 0 50 0 50 0 50 0 50 0 50 0 50 0
0 6 1b 2b 3f 44 46 4f 45 49 46 4a 62 5a 5e 60 5b 5f 60 c4 c7 82 91 8a 83 82 86 92 a4 96 9a 98 a2 9a e0 e0 50 0 50 0 50 0 50 0 50 0 50 0 50 0 50 0 50 0 50 0 50 0 50 0 50 0 50 0
0 9 1a 2a 3e 41 45 49 4f 50 45 49 63 5d 59 5f 5a 60 5e 5a c2 82 82 87 82 81 85 90 a7 99 9d a1 a0 a3 e0 e0 50 0 50 0 50 0 50 0 50 0 50 0 50 0 50 0 50 0 50 0 50 0 50 0 50 0 50 0
0 8 19 29 3d 40 44 48 4c 40 44 48 64 5f 60 57 5b 59 57 5b c3 81 82 86 91 80 84 88 a9 98 9c 97 99 98 e0 e0 50 0 50 0 50 0 50 0 50 0 50 0 50 0 50 0 50 0 50 0 50 0 50 0 50 0 50 0
1 5 18 29 3c 50 47 4b 4f 43 47 4f 64 5e 56 58 5c 59 5f 5c 5f c3 81 85 90 83 87 8b a8 9b a2 96 99 9d e0 e0 50 0 50 0 50 0 50 0 50 0 50 0 50 0 50 0 50 0 50 0 50 0 50 0 50 0 50 0
0 4 17 29 3b 42 46 4a 4e 42 46 4c 65 60 5e 52 5b 5f 52 5b 5f c2 86 91 83 82 86 8d a9 9d 9e 95 98 9a e0 e0 50 0 50 0 50 0 50 0 50 0 50 0 50 0 50 0 50 0 50 0 50 0 50 0 50 0 50 0
0 3 16 28 3a 41 45 49 4d 41 45 49 64 5f 5a 60 5b 5e 5f 53 c2 91 85 90 82 90 85 82 a6 99 9d 94 a1 99 e0 e0 50 0 50 0 50 0 50 0 50 0 50 0 50 0 50 0 50 0 50 0 50 0 50 0 50 0 50 0
1 9 1d 27 39 49 44 48 4c 4d 4f 48 62 5e 5a 5f 5a 5a 59 52 c3 8b 84 88 81 80 84 93 a5 98 9c 97 94 a3 e0 e0 50 0 50 0 50 0 50 0 50 0 50 0 50 0 50 0 50 0 50 0 50 0 50 0 50 0 50 0
0 5 14 26 38 43 47 4b 4f 4c 4f 4b 63 60 5d 57 5b 5d 59 55 c5 c6 87 8b 81 83 87 92 a4 9b a3 99 a3 a2 e0 e0 50 0 50 0 50 0 50 0 50 0 50 0 50 0 50 0 50 0 50 0 50 0 50 0 50 0 50 0
0 4 13 26 3f 47 46 4a 46 4a 42 46 64 54 5f 58 5c 5f 60 54 c4 c7 81 8a 8e 82 91 8a a7 9c 9e 98 96 96 e0 e0 50 0 50 0 50 0 50 0 50 0 50 0 50 0 50 0 50 0 50 0 50 0 50 0 50 0 50 0
0 3 12 34 36 47 4b 49 45 49 41 45 64 51 5e 52 5b 5e 56 59 52 c3 85 89 8d 81 90 85 a9 99 98 a3 95 99 e0 e0 50 0 50 0 50 0 50 0 50 0 50 0 50 0 50 0 50 0 50 0 50 0 50 0 50 0 50 0
0 2 11 25 3f 46 4a 48 4c 40 44 48 65 60 5a 58 5c 5a 59 59 54 c2 84 88 91 80 84 88 a8 98 a1 a2 94 a3 e0 e0 50 0 50 0 50 0 50 0 50 0 50 0 50 0 50 0 50 0 50 0 50 0 50 0 50 0 50 0
1 3 11 24 37 45 49 4b 4f 43 47 4b 64 5f 5d 57 5b 5d 59 5f 53 c1 91 8b 90 83 87 8b a9 9b 97 99 97 9d e0 e0 50 0 50 0 50 0 50 0 50 0 50 0 50 0 50 0 50 0 50 0 50 0 50 0 50 0 50 0
0 9 10 23 36 50 46 4a 4e 42 46 4a 64 5e 5d 60 5b 5e 5f 52 c5 c6 86 8a 82 85 82 86 a6 a3 96 98 96 a3 e0 e0 50 0 50 0 50 0 50 0 50 0 50 0 50 0 50 0 50 0 50 0 50 0 50 0 50 0 50 0
0 d f 34 36 41 45 49 4f 41 4f 49 62 60 5e 5f 5a 5a 5e 5f c4 c7 85 89 8d 81 81 91 92 a4 9d a1 95 a2 e0 e0 50 0 50 0 50 0 50 0 50 0 50 0 50 0 50 0 50 0 50 0 50 0 50 0 50 0 50 0
1 c e 33 35 40 44 48 4c 40 50 48 63 60 5a 53 5b 5a 59 59 54 c2 84 91 8c 80 91 88 84 a4 9c a3 94 98 e0 e0 50 0 50 0 50 0 50 0 50 0 50 0 50 0 50 0 50 0 50 0 50 0 50 0 50 0 50 0
50 0 50 0 50 0 50 0 50 0 50 0 50 0 50 0 50 0 50 0 50 0 50 0 50 0 50 0 50 0 50 0 50 0 50 0 50 0 50 0 50 0 50 0 50 0 50 0 50 0 50 0 50 0 50 0 50 0 50 0 50 0 50 0
50 0 50 0 50 0 50 0 50 0 50 0 50 0 50 0 50 0 50 0 50 0 50 0 50 0 50 0 50 0 50 0 50 0 50 0 50 0 50 0 50 0 50 0 50 0 50 0 50 0 50 0 50 0 50 0 50 0 50 0 50 0 50 0
50 0 50 0 50 0 50 0 50 0 50 0 50 0 50 0 50 0 50 0 50 0 50 0 50 0 50 0 50 0 50 0 50 0 50 0 50 0 50 0 50 0 50 0 50 0 50 0 50 0 50 0 50 0 50 0 50 0 50 0 50 0 50 0
50 0 50 0 50 0 50 0 50 0 50 0 50 0 50 0 50 0 50 0 50 0 50 0 50 0 50 0 50 0 50 0 50 0 50 0 50 0 50 0 50 0 50 0 50 0 50 0 50 0 50 0 50 0 50 0 50 0 50 0 50 0 50 0
m_sprite_attribute_table.b[] 256 1
3 18 a4 93 0 0 1 0 0 0 1 0 0 0 1 0 0 0 1 0 0 0 1 0 0 0 1 0 0 0 1 0 0 0 1 0 0 0 1 0 0 0 1 0 0 0 1 0 0 0 1 0 0 0 1 0 0 0 1 0 0 0 1 0
0 0 1 0 0 0 1 0 0 0 1 0 0 0 1 0 0 0 1 0 0 0 1 0 0 0 1 0 0 0 1 0 0 0 1 0 0 0 1 0 0 0 1 0 0 0 1 0 0 0 1 0 0 0 1 0 0 0 1 0 0 0 1 0
0 0 1 0 0 0 1 0 0 0 1 0 0 0 1 0 0 0 1 0 0 0 1 0 0 0 1 0 0 0 1 0 0 0 1 0 0 0 1 0 0 0 1 0 0 0 1 0 0 0 1 0 0 0 1 0 0 0 1 0 0 0 1 0
0 0 1 0 0 0 1 0 0 0 1 0 0 0 1 0 0 0 1 0 0 0 1 0 0 0 1 0 0 0 1 0 0 0 1 0 0 0 1 0 0 0 1 0 0 0 1 0 0 0 1 0 0 0 1 0 0 0 1 0 0 0 1 0
m_scroll_data_table[] 512 1
0 0 0 0 0 0 0 0 0 0 0 0 0 0 0 0 0 0 0 0 0 0 0 0 0 0 0 0 0 0 0 0 0 0 0 0 0 0 0 0 0 0 0 0 0 0 0 0 0 0 0 0 0 0 0 0 0 0 0 0 0 0 0 0
0 0 0 0 0 0 0 0 0 0 0 0 0 0 0 0 0 0 0 0 0 0 0 0 0 0 0 0 0 0 0 0 0 0 0 0 0 0 0 0 0 0 0 0 0 0 0 0 0 0 0 0 0 0 0 0 0 0 0 0 0 0 0 0
0 0 0 0 0 0 0 0 0 0 0 0 0 0 0 0 0 0 0 0 0 0 0 0 0 0 0 0 0 0 0 0 0 0 0 0 0 0 0 0 0 0 0 0 0 0 0 0 0 0 0 0 0 0 0 0 0 0 0 0 0 0 0 0
13 13 13 13 13 13 13 13 13 13 13 13 13 13 13 13 13 13 13 13 13 13 13 13 13 13 13 13 13 13 13 13 0 0 0 0 0 0 0 0 0 0 0 0 0 0 0 0 0 0 0 0 0 0 0 0 0 0 0 0 0 0 0 0
0 0 0 0 0 0 0 0 0 0 0 0 0 0 0 0 0 0 0 0 0 0 0 0 0 0 0 0 0 0 0 0 0 0 0 0 0 0 0 0 0 0 0 0 0 0 0 0 0 0 0 0 0 0 0 0 0 0 0 0 0 0 0 0
0 0 0 0 0 0 0 0 0 0 0 0 0 0 0 0 0 0 0 0 0 0 0 0 0 0 0 0 0 0 0 0 0 0 0 0 0 0 0 0 0 0 0 0 0 0 0 0 0 0 0 0 0 0 0 0 0 0 0 0 0 0 0 0
0 0 0 0 0 0 0 0 0 0 0 0 0 0 0 0 0 0 0 0 0 0 0 0 0 0 0 0 0 0 0 0 0 0 0 0 0 0 0 0 0 0 0 0 0 0 0 0 0 0 0 0 0 0 0 0 0 0 0 0 0 0 0 0
10 10 10 10 10 10 10 10 10 10 10 10 10 10 10 10 10 10 10 10 10 10 10 10 10 10 10 10 10 10 10 10 0 0 0 0 0 0 0 0 0 0 0 0 0 0 0 0 0 0 0 0 0 0 0 0 0 0 0 0 0 0 0 0
m_colour_palette[] 768 1
0 0 0 3f 3f 3f 20 31 3f 0 23 3f 0 19 32 0 f 25 0 3f 3f 0 0 0 3f 0 0 10 8 3 c 6 2 8 4 1 4 2 1 0 0 0 0 0 0 3f 3f 3f 0 0 0 3f 3f 3f 27 26 3f 25 19 3f 18 8 33 25
1b 21 32 21 11 3f 23 2 3f 30 15 3f 38 2b 3f d 0 3f 1e 15 3f 2f 2b 0 3f 3f 0 0 0 3f 0 0 0 0 0 3f 3f 3f 27 26 3f 25 19 3f 18 8 33 25 1b 21 32 21 11 3f 23 2 3f 30 15 3f 38 2b 3f d
0 3f 1e 15 3f 2f 2b 3f 0 3f 3f 0 3f 3f 0 3f 0 0 0 3d 3d 3d 37 37 38 30 30 34 2a 2a 30 23 23 2b 1e 1e 24 19 19 1d 14 14 16 f f f b b e 7 7 c 5 5 8 3 3 5 1 1 1 0 0 0
1a c 1d 28 2a 2d 24 27 2d 1f 25 2c 1b 22 2a 17 1f 2a 12 1d 28 e 1a 27 9 17 26 9 15 1d a 12 13 a f 9 b c 0 8 9 0 5 6 0 12 1d 28 0 0 0 2f 2d 2a 2c 27 20 28 21 16 22 1c d 1b
17 4 17 11 7 12 b a c 4 4 2f 2f 0 2a 29 1 24 22 3 1f 1b 4 1b 15 4 18 f 4 14 8 4 0 0 0 2f 2a 24 29 25 1d 23 20 15 1e 1c a 1b 18 b 16 15 c 12 12 9 d f 3 1d 26 2f 1a 21
28 18 1d 21 18 1a 1c 15 16 18 11 12 13 c e f 0 0 0 2f 2f 0 2a 29 1 24 22 3 1f 1b 4 1b 15 4 18 f 4 14 8 4 2f 2a 24 29 25 1d 23 20 15 1e 1c a 1b 18 b 16 15 c 12 12 9 d f 3
0 0 0 3f 3f 3f 35 35 33 2b 2b 26 1f 1f 1a 13 13 e 7 7 2 0 0 0 2d 3a 3f 1a 2f 3f d 25 3b 7 19 31 0 c 27 3f 2a 2a 3f 0 0 24 0 0 0 0 0 3f 3f 35 3f 3f c 34 2f 6 28 1e 0 1e
17 0 f b 0 0 0 0 3f 3f 3f 35 33 33 2a 27 27 20 1b 1b 15 f f 2d 3a 3f 0 2f 3f 0 15 3f 0 0 0 37 37 37 2f 2f 32 26 26 2d 1e 1e 29 13 13 1f 3f 1b 1b 3f e e 39 0 0 24 0 0 15 0
0 0 0 0 3f 3f 0 2f 2f 0 1e 1d 0 d d 0 0 0 0 2a 3f 2a 15 3c 15 0 38 0 0 28 0 0 17 0 0 8 0 3f 3f 3f 35 35 34 2b 2b 25 1f 1f 16 19 17 10 3f 1a 1a 3f 0 0 2f 0 0 1e 0 0
0 0 0 1c 38 2e e 2a 28 2 1e 22 2a 32 3e 1c 28 3e 18 1e 3e e 14 3c a 10 30 8 8 2c 4 4 20 3e 12 0 36 c 2 2e 6 4 26 0 6 3e 1e 20 0 0 0 3f 3f 3f 3a 3a 20 2d 2d 19 20 20 13 13
13 c 33 33 33 29 29 29 1f 1f 1f 15 15 15 a a a 0 0 0 33 33 3f 22 22 3f 11 11 3f 0 0 3f 0 0 0 0 0 0 0 0 0 0 0 0 0 0 0 0 0 0 0 0 0 0 0 0 0 0 0 0 0 0 0 0
0 0 0 0 0 0 0 0 0 0 0 0 0 0 0 0 0 0 0 0 0 0 0 0 0 0 0 0 0 0 0 0 0 0 0 0 0 0 0 0 0 0 0 0 0 0 0 0 0 0 0 0 0 0 0 0 0 0 0 0 0 0 0 0
m_base_addr[] 16 4
0 0 0 0 0 0 0 0 1 1 1 1 1 1 1 1
