frame 1200
m_md 3
m_page_x 40
m_page_y 20
m_page_size 0
m_pattern_size 1
m_bits16 1
m_pny_shift 6
m_na8_mask f
m_base_y_shift 2
m_h_div_size 0
m_v_div_size 0
m_col_shift 8
m_flip 0
m_zron 0
m_dspe 1
m_dckm 0
m_h_display_size 3
m_v_display_size 3
m_roz_wrap_disable 1
m_scroll_wrap_disable 1
m_planeA_trans_enable 1
m_planeB_trans_enable 0
m_priority_mode 0
m_cbdr 0
m_yse 0
m_scm 0
m_planeA_color_fetch 0
m_planeB_color_fetch 0
m_sprite_color_fetch 0
m_mosaic_aplane 0
m_mosaic_bplane 0
m_sprite_disable 0
m_sprite_aux_mode 1
m_sprite_aux_reg 0
m_border_color 0
m_sprite_bank d0
m_namcond1_gfxbank 0
m_vblank_irq_mask 1
m_raster_irq_mask 1
m_raster_irq_hpos 0
m_raster_irq_vpos 0
m_raster_irq_mode 0
m_ax 0
m_ay 0
m_dx 0
m_dy 0
m_dxy 0
m_dyx 0
m_raw_ax 0
m_raw_ay 0
m_raw_dx 0
m_raw_dy 0
m_raw_dxy 0
m_raw_dyx 0
m_crtc.htotal 324
m_crtc.vtotal 105
m_crtc.display_hstart 6c
m_crtc.display_vstart 1a
m_crtc.display_width 240
m_crtc.display_height e0
m_crtc.display_hsync 30
m_crtc.display_vsync 3
m_crtc.border_width 20
m_crtc.border_height 0
m_screen_status 0
m_ba_plane_scroll_select 1
m_plane_select_access 0
m_xtile_ptr 12
m_ytile_ptr 0
m_pattern_name_table[] 4096 1
a6 0 aa 0 ae 0 b2 0 b6 0 ba 0 c8 0 d5 0 a1 0 de 0 e3 0 ed 0 fb 0 9 1 17 1 25 1 33 1 41 1 0 0 0 0 0 0 0 0 0 0 0 0 0 0 0 0 0 0 0 0 0 0 0 0 0 0 0 0
0 0 0 0 0 0 0 0 0 0 0 0 0 0 0 0 0 0 0 0 0 0 0 0 0 0 0 0 0 0 0 0 0 0 0 0 0 0 0 0 0 0 0 0 0 0 0 0 0 0 0 0 0 0 0 0 0 0 0 0 0 0 0 0
a5 0 a9 0 ad 0 b1 0 b5 0 b9 0 c7 0 a1 0 a1 0 dd 0 e2 0 ec 0 fa 0 8 1 16 1 24 1 32 1 40 1 0 0 0 0 0 0 0 0 0 0 0 0 0 0 0 0 0 0 0 0 0 0 0 0 0 0 0 0
0 0 0 0 0 0 0 0 0 0 0 0 0 0 0 0 0 0 0 0 0 0 0 0 0 0 0 0 0 0 0 0 0 0 0 0 0 0 0 0 0 0 0 0 0 0 0 0 0 0 0 0 0 0 0 0 0 0 0 0 0 0 0 0
a4 0 5b 0 67 0 73 0 7f 0 8b 0 c6 0 a1 0 a1 0 dc 0 e1 0 eb 0 f9 0 7 1 15 1 23 1 31 1 3f 1 0 0 0 0 0 0 0 0 0 0 0 0 0 0 0 0 0 0 0 0 0 0 0 0 0 0 0 0
0 0 0 0 0 0 0 0 0 0 0 0 0 0 0 0 0 0 0 0 0 0 0 0 0 0 0 0 0 0 0 0 0 0 0 0 0 0 0 0 0 0 0 0 0 0 0 0 0 0 0 0 0 0 0 0 0 0 0 0 0 0 0 0
a3 0 5a 0 66 0 72 0 7e 0 8a 0 c5 0 a1 0 a1 0 db 0 e0 0 ea 0 f8 0 6 1 14 1 22 1 30 1 3e 1 0 0 0 0 0 0 0 0 0 0 0 0 0 0 0 0 0 0 0 0 0 0 0 0 0 0 0 0
0 0 0 0 0 0 0 0 0 0 0 0 0 0 0 0 0 0 0 0 0 0 0 0 0 0 0 0 0 0 0 0 0 0 0 0 0 0 0 0 0 0 0 0 0 0 0 0 0 0 0 0 0 0 0 0 0 0 0 0 0 0 0 0
a2 0 59 0 65 0 71 0 7d 0 89 0 c4 0 a1 0 a1 0 a1 0 df 0 e9 0 f7 0 5 1 13 1 21 1 2f 1 3d 1 0 0 0 0 0 0 0 0 0 0 0 0 0 0 0 0 0 0 0 0 0 0 0 0 0 0 0 0
0 0 0 0 0 0 0 0 0 0 0 0 0 0 0 0 0 0 0 0 0 0 0 0 0 0 0 0 0 0 0 0 0 0 0 0 0 0 0 0 0 0 0 0 0 0 0 0 0 0 0 0 0 0 0 0 0 0 0 0 0 0 0 0
a1 0 58 0 64 0 70 0 7c 0 88 0 c3 0 a1 0 a1 0 a1 0 a1 0 e8 0 f6 0 4 1 12 1 20 1 2e 1 3c 1 0 0 0 0 0 0 0 0 0 0 0 0 0 0 0 0 0 0 0 0 0 0 0 0 0 0 0 0
0 0 0 0 0 0 0 0 0 0 0 0 0 0 0 0 0 0 0 0 0 0 0 0 0 0 0 0 0 0 0 0 0 0 0 0 0 0 0 0 0 0 0 0 0 0 0 0 0 0 0 0 0 0 0 0 0 0 0 0 0 0 0 0
a0 0 57 0 63 0 6f 0 7b 0 87 0 c2 0 a1 0 a1 0 a1 0 a1 0 e7 0 f5 0 3 1 11 1 1f 1 2d 1 3b 1 0 0 0 0 0 0 0 0 0 0 0 0 0 0 0 0 0 0 0 0 0 0 0 0 0 0 0 0
0 0 0 0 0 0 0 0 0 0 0 0 0 0 0 0 0 0 0 0 0 0 0 0 0 0 0 0 0 0 0 0 0 0 0 0 0 0 0 0 0 0 0 0 0 0 0 0 0 0 0 0 0 0 0 0 0 0 0 0 0 0 0 0
9f 0 56 0 62 0 6e 0 7a 0 86 0 c1 0 a1 0 a1 0 a1 0 a1 0 e6 0 f4 0 2 1 10 1 1e 1 2c 1 3a 1 0 0 0 0 0 0 0 0 0 0 0 0 0 0 0 0 0 0 0 0 0 0 0 0 0 0 0 0
0 0 0 0 0 0 0 0 0 0 0 0 0 0 0 0 0 0 0 0 0 0 0 0 0 0 0 0 0 0 0 0 0 0 0 0 0 0 0 0 0 0 0 0 0 0 0 0 0 0 0 0 0 0 0 0 0 0 0 0 0 0 0 0
9e 0 55 0 61 0 6d 0 79 0 85 0 c0 0 45 1 da 0 a1 0 a1 0 a1 0 f3 0 1 1 f 1 1d 1 2b 1 39 1 0 0 0 0 0 0 0 0 0 0 0 0 0 0 0 0 0 0 0 0 0 0 0 0 0 0 0 0
0 0 0 0 0 0 0 0 0 0 0 0 0 0 0 0 0 0 0 0 0 0 0 0 0 0 0 0 0 0 0 0 0 0 0 0 0 0 0 0 0 0 0 0 0 0 0 0 0 0 0 0 0 0 0 0 0 0 0 0 0 0 0 0
9d 0 54 0 60 0 6c 0 78 0 84 0 bf 0 44 1 d9 0 a1 0 a1 0 a1 0 f2 0 0 1 e 1 1c 1 2a 1 38 1 0 0 0 0 0 0 0 0 0 0 0 0 0 0 0 0 0 0 0 0 0 0 0 0 0 0 0 0
0 0 0 0 0 0 0 0 0 0 0 0 0 0 0 0 0 0 0 0 0 0 0 0 0 0 0 0 0 0 0 0 0 0 0 0 0 0 0 0 0 0 0 0 0 0 0 0 0 0 0 0 0 0 0 0 0 0 0 0 0 0 0 0
9c 0 53 0 5f 0 6b 0 77 0 83 0 be 0 43 1 d8 0 a1 0 a1 0 a1 0 f1 0 ff 0 d 1 1b 1 29 1 37 1 0 0 0 0 0 0 0 0 0 0 0 0 0 0 0 0 0 0 0 0 0 0 0 0 0 0 0 0
0 0 0 0 0 0 0 0 0 0 0 0 0 0 0 0 0 0 0 0 0 0 0 0 0 0 0 0 0 0 0 0 0 0 0 0 0 0 0 0 0 0 0 0 0 0 0 0 0 0 0 0 0 0 0 0 0 0 0 0 0 0 0 0
9b 0 52 0 5e 0 6a 0 76 0 82 0 bd 0 42 1 a1 0 a1 0 a1 0 e5 0 f0 0 fe 0 c 1 1a 1 28 1 36 1 0 0 0 0 0 0 0 0 0 0 0 0 0 0 0 0 0 0 0 0 0 0 0 0 0 0 0 0
0 0 0 0 0 0 0 0 0 0 0 0 0 0 0 0 0 0 0 0 0 0 0 0 0 0 0 0 0 0 0 0 0 0 0 0 0 0 0 0 0 0 0 0 0 0 0 0 0 0 0 0 0 0 0 0 0 0 0 0 0 0 0 0
9a 0 a8 0 ac 0 b0 0 b4 0 b8 0 bc 0 ca 0 d7 0 a1 0 a1 0 e4 0 ef 0 fd 0 b 1 19 1 27 1 35 1 0 0 0 0 0 0 0 0 0 0 0 0 0 0 0 0 0 0 0 0 0 0 0 0 0 0 0 0
0 0 0 0 0 0 0 0 0 0 0 0 0 0 0 0 0 0 0 0 0 0 0 0 0 0 0 0 0 0 0 0 0 0 0 0 0 0 0 0 0 0 0 0 0 0 0 0 0 0 0 0 0 0 0 0 0 0 0 0 0 0 0 0
99 0 a7 0 ab 0 af 0 b3 0 b7 0 bb 0 c9 0 d6 0 a1 0 a1 0 a1 0 ee 0 fc 0 a 1 18 1 26 1 34 1 0 0 0 0 0 0 0 0 0 0 0 0 0 0 0 0 0 0 0 0 0 0 0 0 0 0 0 0
0 0 0 0 0 0 0 0 0 0 0 0 0 0 0 0 0 0 0 0 0 0 0 0 0 0 0 0 0 0 0 0 0 0 0 0 0 0 0 0 0 0 0 0 0 0 0 0 0 0 0 0 0 0 0 0 0 0 0 0 0 0 0 0
0 0 0 0 0 0 0 0 0 0 0 0 0 0 0 0 0 0 0 0 0 0 0 0 0 0 0 0 0 0 0 0 0 0 0 0 0 0 0 0 0 0 0 0 0 0 0 0 0 0 0 0 0 0 0 0 0 0 0 0 0 0 0 0
0 0 0 0 0 0 0 0 0 0 0 0 0 0 0 0 0 0 0 0 0 0 0 0 0 0 0 0 0 0 0 0 0 0 0 0 0 0 0 0 0 0 0 0 0 0 0 0 0 0 0 0 0 0 0 0 0 0 0 0 0 0 0 0
0 0 0 0 0 0 0 0 0 0 0 0 0 0 0 0 0 0 0 0 0 0 0 0 0 0 0 0 0 0 0 0 0 0 0 0 0 0 0 0 0 0 0 0 0 0 0 0 0 0 0 0 0 0 0 0 0 0 0 0 0 0 0 0
0 0 0 0 0 0 0 0 0 0 0 0 0 0 0 0 0 0 0 0 0 0 0 0 0 0 0 0 0 0 0 0 0 0 0 0 0 0 0 0 0 0 0 0 0 0 0 0 0 0 0 0 0 0 0 0 0 0 0 0 0 0 0 0
0 0 0 0 0 0 0 0 0 0 0 0 0 0 0 0 0 0 0 0 0 0 0 0 0 0 0 0 0 0 0 0 0 0 0 0 0 0 0 0 0 0 0 0 0 0 0 0 0 0 0 0 0 0 0 0 0 0 0 0 0 0 0 0
0 0 0 0 0 0 0 0 0 0 0 0 0 0 0 0 0 0 0 0 0 0 0 0 0 0 0 0 0 0 0 0 0 0 0 0 0 0 0 0 0 0 0 0 0 0 0 0 0 0 0 0 0 0 0 0 0 0 0 0 0 0 0 0
0 0 0 0 0 0 0 0 0 0 0 0 0 0 0 0 0 0 0 0 0 0 0 0 0 0 0 0 0 0 0 0 0 0 0 0 0 0 0 0 0 0 0 0 0 0 0 0 0 0 0 0 0 0 0 0 0 0 0 0 0 0 0 0
0 0 0 0 0 0 0 0 0 0 0 0 0 0 0 0 0 0 0 0 0 0 0 0 0 0 0 0 0 0 0 0 0 0 0 0 0 0 0 0 0 0 0 0 0 0 0 0 0 0 0 0 0 0 0 0 0 0 0 0 0 0 0 0
0 0 0 0 0 0 0 0 0 0 0 0 0 0 0 0 0 0 0 0 0 0 0 0 0 0 0 0 0 0 0 0 0 0 0 0 0 0 0 0 0 0 0 0 0 0 0 0 0 0 0 0 0 0 0 0 0 0 0 0 0 0 0 0
0 0 0 0 0 0 0 0 0 0 0 0 0 0 0 0 0 0 0 0 0 0 0 0 0 0 0 0 0 0 0 0 0 0 0 0 0 0 0 0 0 0 0 0 0 0 0 0 0 0 0 0 0 0 0 0 0 0 0 0 0 0 0 0
0 0 0 0 0 0 0 0 0 0 0 0 0 0 0 0 0 0 0 0 0 0 0 0 0 0 0 0 0 0 0 0 0 0 0 0 0 0 0 0 0 0 0 0 0 0 0 0 0 0 0 0 0 0 0 0 0 0 0 0 0 0 0 0
0 0 0 0 0 0 0 0 0 0 0 0 0 0 0 0 0 0 0 0 0 0 0 0 0 0 0 0 0 0 0 0 0 0 0 0 0 0 0 0 0 0 0 0 0 0 0 0 0 0 0 0 0 0 0 0 0 0 0 0 0 0 0 0
0 0 0 0 0 0 0 0 0 0 0 0 0 0 0 0 0 0 0 0 0 0 0 0 0 0 0 0 0 0 0 0 0 0 0 0 0 0 0 0 0 0 0 0 0 0 0 0 0 0 0 0 0 0 0 0 0 0 0 0 0 0 0 0
0 0 0 0 0 0 0 0 0 0 0 0 0 0 0 0 0 0 0 0 0 0 0 0 0 0 0 0 0 0 0 0 0 0 0 0 0 0 0 0 0 0 0 0 0 0 0 0 0 0 0 0 0 0 0 0 0 0 0 0 0 0 0 0
0 0 0 0 0 0 0 0 0 0 0 0 0 0 0 0 0 0 0 0 0 0 0 0 0 0 0 0 0 0 0 0 0 0 0 0 0 0 0 0 0 0 0 0 0 0 0 0 0 0 0 0 0 0 0 0 0 0 0 0 0 0 0 0
0 0 0 0 0 0 0 0 0 0 0 0 0 0 0 0 0 0 0 0 0 0 0 0 0 0 0 0 0 0 0 0 0 0 0 0 0 0 0 0 0 0 0 0 0 0 0 0 0 0 0 0 0 0 0 0 0 0 0 0 0 0 0 0
0 0 0 0 0 0 0 0 0 0 0 0 0 0 0 0 0 0 0 0 0 0 0 0 0 0 0 0 0 0 0 0 0 0 0 0 0 0 0 0 0 0 0 0 0 0 0 0 0 0 0 0 0 0 0 0 0 0 0 0 0 0 0 0
0 0 0 0 0 0 0 0 0 0 0 0 0 0 0 0 0 0 0 0 0 0 0 0 0 0 0 0 0 0 0 0 0 0 0 0 0 0 0 0 0 0 0 0 0 0 0 0 0 0 0 0 0 0 0 0 0 0 0 0 0 0 0 0
0 0 0 0 0 0 0 0 0 0 0 0 0 0 0 0 0 0 0 0 0 0 0 0 0 0 0 0 0 0 0 0 0 0 0 0 0 0 0 0 0 0 0 0 0 0 0 0 0 0 0 0 0 0 0 0 0 0 0 0 0 0 0 0
0 0 0 0 0 0 0 0 0 0 0 0 0 0 0 0 0 0 0 0 0 0 0 0 0 0 0 0 0 0 0 0 0 0 0 0 0 0 0 0 0 0 0 0 0 0 0 0 0 0 0 0 0 0 0 0 0 0 0 0 0 0 0 0
0 0 0 0 0 0 0 0 0 0 0 0 0 0 0 0 0 0 0 0 0 0 0 0 0 0 0 0 0 0 0 0 0 0 0 0 0 0 0 0 0 0 0 0 0 0 0 0 0 0 0 0 0 0 0 0 0 0 0 0 0 0 0 0
0 0 0 0 0 0 0 0 0 0 0 0 0 0 0 0 0 0 0 0 0 0 0 0 0 0 0 0 0 0 0 0 0 0 0 0 0 0 0 0 0 0 0 0 0 0 0 0 0 0 0 0 0 0 0 0 0 0 0 0 0 0 0 0
0 0 0 0 0 0 0 0 0 0 0 0 0 0 0 0 0 0 0 0 0 0 0 0 0 0 0 0 0 0 0 0 0 0 0 0 0 0 0 0 0 0 0 0 0 0 0 0 0 0 0 0 0 0 0 0 0 0 0 0 0 0 0 0
0 0 0 0 0 0 0 0 0 0 0 0 0 0 0 0 0 0 0 0 0 0 0 0 0 0 0 0 0 0 0 0 0 0 0 0 0 0 0 0 0 0 0 0 0 0 0 0 0 0 0 0 0 0 0 0 0 0 0 0 0 0 0 0
0 0 0 0 0 0 0 0 0 0 0 0 0 0 0 0 0 0 0 0 0 0 0 0 0 0 0 0 0 0 0 0 0 0 0 0 0 0 0 0 0 0 0 0 0 0 0 0 0 0 0 0 0 0 0 0 0 0 0 0 0 0 0 0
0 0 0 0 0 0 0 0 0 0 0 0 0 0 0 0 0 0 0 0 0 0 0 0 0 0 0 0 0 0 0 0 0 0 0 0 0 0 0 0 0 0 0 0 0 0 0 0 0 0 0 0 0 0 0 0 0 0 0 0 0 0 0 0
0 0 0 0 0 0 0 0 0 0 0 0 0 0 0 0 0 0 0 0 0 0 0 0 0 0 0 0 0 0 0 0 0 0 0 0 0 0 0 0 0 0 0 0 0 0 0 0 0 0 0 0 0 0 0 0 0 0 0 0 0 0 0 0
0 0 0 0 0 0 0 0 0 0 0 0 0 0 0 0 0 0 0 0 0 0 0 0 0 0 0 0 0 0 0 0 0 0 0 0 0 0 0 0 0 0 0 0 0 0 0 0 0 0 0 0 0 0 0 0 0 0 0 0 0 0 0 0
0 0 0 0 0 0 0 0 0 0 0 0 0 0 0 0 0 0 0 0 0 0 0 0 0 0 0 0 0 0 0 0 0 0 0 0 0 0 0 0 0 0 0 0 0 0 0 0 0 0 0 0 0 0 0 0 0 0 0 0 0 0 0 0
0 0 0 0 0 0 0 0 0 0 0 0 0 0 0 0 0 0 0 0 0 0 0 0 0 0 0 0 0 0 0 0 0 0 0 0 0 0 0 0 0 0 0 0 0 0 0 0 0 0 0 0 0 0 0 0 0 0 0 0 0 0 0 0
0 0 0 0 0 0 0 0 0 0 0 0 0 0 0 0 0 0 0 0 0 0 0 0 0 0 0 0 0 0 0 0 0 0 0 0 0 0 0 0 0 0 0 0 0 0 0 0 0 0 0 0 0 0 0 0 0 0 0 0 0 0 0 0
0 0 0 0 0 0 0 0 0 0 0 0 0 0 0 0 0 0 0 0 0 0 0 0 0 0 0 0 0 0 0 0 0 0 0 0 0 0 0 0 0 0 0 0 0 0 0 0 0 0 0 0 0 0 0 0 0 0 0 0 0 0 0 0
0 0 0 0 0 0 0 0 0 0 0 0 0 0 0 0 0 0 0 0 0 0 0 0 0 0 0 0 0 0 0 0 0 0 0 0 0 0 0 0 0 0 0 0 0 0 0 0 0 0 0 0 0 0 0 0 0 0 0 0 0 0 0 0
0 0 0 0 0 0 0 0 0 0 0 0 0 0 0 0 0 0 0 0 0 0 0 0 0 0 0 0 0 0 0 0 0 0 0 0 0 0 0 0 0 0 0 0 0 0 0 0 0 0 0 0 0 0 0 0 0 0 0 0 0 0 0 0
0 0 0 0 0 0 0 0 0 0 0 0 0 0 0 0 0 0 0 0 0 0 0 0 0 0 0 0 0 0 0 0 0 0 0 0 0 0 0 0 0 0 0 0 0 0 0 0 0 0 0 0 0 0 0 0 0 0 0 0 0 0 0 0
0 0 0 0 0 0 0 0 0 0 0 0 0 0 0 0 0 0 0 0 0 0 0 0 0 0 0 0 0 0 0 0 0 0 0 0 0 0 0 0 0 0 0 0 0 0 0 0 0 0 0 0 0 0 0 0 0 0 0 0 0 0 0 0
m_sprite_attribute_table.b[] 256 1
96 a4 4 2b 86 a4 4 2c 76 a4 4 2d 5e a4 4 2e 4e a4 4 2b 3e a4 4 2f 2e a4 4 30 48 18 2 20 40 18 2 43 38 18 2 52 30 18 2 45 28 18 2 44 20 18 2 49 18 18 2 54 10 18 2 20 8 18 2 0
0 18 2 20 29 70 a8 11 9 70 a8 12 e9 70 a9 13 a0 a8 bc 4d 4 a0 ec 59 90 9e cc 68 70 98 f8 16 60 c8 f4 3f 60 b8 f4 3b 60 a8 f4 37 60 98 f4 33 70 b8 f8 1a 17 98 dc 61 7e 7c cc 65 40 94 dc 5d
0 0 1 0 0 0 1 0 0 0 1 0 0 0 1 0 0 0 1 0 0 0 1 0 0 0 1 0 0 0 1 0 0 0 1 0 0 0 1 0 0 0 1 0 0 0 1 0 0 0 1 0 0 0 1 0 0 0 1 0 0 0 1 0
0 0 1 0 0 0 1 0 0 0 1 0 0 0 1 0 0 0 1 0 0 0 1 0 0 0 1 0 0 0 1 0 0 0 1 0 0 0 1 0 0 0 1 0 0 0 1 0 0 0 1 0 0 0 1 0 0 0 1 0 0 0 1 0
m_scroll_data_table[] 512 1
0 0 0 0 0 0 0 0 0 0 0 0 0 0 0 0 0 0 0 0 0 0 0 0 0 0 0 0 0 0 0 0 0 0 0 0 0 0 0 0 0 0 0 0 0 0 0 0 0 0 0 0 0 0 0 0 0 0 0 0 0 0 0 0
0 0 0 0 0 0 0 0 0 0 0 0 0 0 0 0 0 0 0 0 0 0 0 0 0 0 0 0 0 0 0 0 0 0 0 0 0 0 0 0 0 0 0 0 0 0 0 0 0 0 0 0 0 0 0 0 0 0 0 0 0 0 0 0
0 0 0 0 0 0 0 0 0 0 0 0 0 0 0 0 0 0 0 0 0 0 0 0 0 0 0 0 0 0 0 0 0 0 0 0 0 0 0 0 0 0 0 0 0 0 0 0 0 0 0 0 0 0 0 0 0 0 0 0 0 0 0 0
1b 1b 1b 1b 1b 1b 1b 1b 1b 1b 1b 1b 1b 1b 1b 1b 1b 1b 1b 1b 1b 1b 1b 1b 1b 1b 1b 1b 1b 1b 1b 1b 0 0 0 0 0 0 0 0 0 0 0 0 0 0 0 0 0 0 0 0 0 0 0 0 0 0 0 0 0 0 0 0
0 0 0 0 0 0 0 0 0 0 0 0 0 0 0 0 0 0 0 0 0 0 0 0 0 0 0 0 0 0 0 0 0 0 0 0 0 0 0 0 0 0 0 0 0 0 0 0 0 0 0 0 0 0 0 0 0 0 0 0 0 0 0 0
0 0 0 0 0 0 0 0 0 0 0 0 0 0 0 0 0 0 0 0 0 0 0 0 0 0 0 0 0 0 0 0 0 0 0 0 0 0 0 0 0 0 0 0 0 0 0 0 0 0 0 0 0 0 0 0 0 0 0 0 0 0 0 0
0 0 0 0 0 0 0 0 0 0 0 0 0 0 0 0 0 0 0 0 0 0 0 0 0 0 0 0 0 0 0 0 0 0 0 0 0 0 0 0 0 0 0 0 0 0 0 0 0 0 0 0 0 0 0 0 0 0 0 0 0 0 0 0
0 0 0 0 0 0 0 0 0 0 0 0 0 0 0 0 0 0 0 0 0 0 0 0 0 0 0 0 0 0 0 0 0 0 0 0 0 0 0 0 0 0 0 0 0 0 0 0 0 0 0 0 0 0 0 0 0 0 0 0 0 0 0 0
m_colour_palette[] 768 1
0 0 0 3f 3f 3f 0 0 0 18 18 18 3f 0 0 3f 3f 0 0 0 0 3f 3f 3f 0 3f 0 0 0 3f 3f 3f 0 3f 0 3f 0 0 3f 3f 0 0 0 3f 0 0 19 0 3d 3d 3d 3d 3d 3d 3d 3d 3d 3d 3d 3e 3d 3d 3d 3c
3c 3d 3c 3c 3d 3d 3c 3c 3c 3c 3c 3b 3c 3c 3c 3c 3c 3c 3c 3c 3c 3b 3b 3b 3b 3b 3b 3b 3b 3b 3b 3c 3a 3b 3c 3a 3b 3c 3a 3a 3a 3a 39 39 3a 3a 39 3a 3a 3a 3a 3a 3a 3a 3a 3a 3a 3a 3b 3e 3e 3e 3d 3e
3e 3e 3e 3e 3e 3e 3e 3e 3e 3d 3e 3e 3b 3d 3c 3a 3e 3d 3a 3d 3d 3a 3e 3e 3c 3e 3d 3b 3e 3d 3b 3d 3d 3a 3d 3c 3a 3e 3d 3c 3e 3c 3c 3e 3a 3d 3e 3d 3d 3d 3c 3a 3c 3b 39 3b 3a 39 3e 3d 3a 3c 3a 3b
3c 3a 3b 3c 3b 3b 3d 3b 3c 3d 3b 3c 3e 3c 3d 3e 3c 3d 3d 3c 3a 3c 3b 3a 3c 3b 3a 3c 3b 3a 3c 3a 3a 3d 3c 3a 3c 3b 3a 3c 3b 3a 3b 3b 3a 3b 3a 3a 3b 3a 3a 3b 3a 3a 3c 3a 3b 3c 3a 3b 3d 3a 3c 3d
3a 3c 39 39 39 3a 39 39 3a 39 39 3a 3e 3d 39 3c 3c 3b 3d 3a 3a 3c 3a 3a 3b 3a 3a 3b 39 3a 3b 3a 3a 3b 3a 39 3a 3a 3a 3d 3c 3a 3c 3b 39 3d 3d 39 3d 3d 39 3d 3d 39 3e 3e 3d 3c 39 3c 3c 39 3c 3c
39 3c 3c 39 3b 3b 39 3a 3a 39 3a 3a 39 3b 3b 39 3b 3c 39 3c 3c 39 3d 3d 3a 3d 3e 39 3e 3e 39 3d 3d 39 3e 3e 39 3a 3a 39 3a 3a 39 3b 3e 3b 3c 3e 3b 3b 3d 3b 3b 3d 3a 3d 3d 3b 3d 3c 39 39 3c 3c
3a 3c 3b 3a 3c 3a 3b 3b 39 3c 3c 39 3f 3c 39 3f 3c 39 3f 3b 39 3f 39 39 3d 3a 3a 3c 3a 3c 3b 39 3d 3f 3f 3f 3c 3c 3f 3c 3b 3f 3c 3b 3c 3d 3c 3a 3f 3c 39 3f 3d 3b 3f 3e 3d 3f 3a 39 3f 3b 3b 3f
3d 3d 3d 3d 3d 3f 3e 39 3d 3d 39 3b 3b 39 3b 3a 3d 3d 3b 39 3b 3a 39 39 39 39 3e 39 3e 3e 39 3e 3e 39 3e 3e 3e 3e 3d 3e 3e 3c 3d 3e 3b 3c 3e 3c 3d 3d 3d 3d 3a 3c 3c 3d 3d 3c 3c 3c 3b 3e 3d 3a
3d 3e 3e 39 3e 3d 39 3e 3c 3a 3e 3a 3b 3e 39 3c 3e 39 3e 3e 3e 39 3d 3c 39 3b 3b 39 39 39 39 3d 39 39 3c 39 39 3b 39 39 3e 3b 39 3d 3b 39 3b 3a 39 3e 3e 3e 3e 3b 3b 3d 3d 3b 39 3c 3d 3c 3c 3d
3e 39 3e 3e 3e 3e 3c 3c 3c 3b 3b 3b 39 39 39 3d 39 39 3c 39 39 3b 39 39 3e 3b 39 3d 3b 39 3b 3a 39 3b 3b 3e 3a 3a 3d 3a 3a 3b 3d 3b 3c 3a 3d 3b 3f 3e 3c 3e 3e 3e 3c 3c 3c 3b 3b 3b 39 39 39 3e
39 39 3d 39 39 3b 39 39 39 3d 39 39 3c 39 39 3b 39 3b 3d 3b 3e 39 3e 3e 3e 39 3d 3c 39 3b 3b 39 3e 39 3e 3e 3e 3e 3c 3c 3c 3b 3b 3b 39 39 39 3d 3a 39 3c 39 39 3b 39 39 39 3d 39 39 3c 39 39 3b
39 3b 3b 3e 3a 3a 3d 3a 3a 3b 3e 3e 39 3c 3c 39 3f 3f 3f 3e 3e 3e 3c 3c 3c 3b 3b 3b 39 39 39 3e 39 39 3d 39 39 3b 39 39 39 3d 39 39 3c 39 39 3b 39 3b 3b 3e 3a 3a 3d 3a 3a 3b 3e 3b 3b 3a 39 3a
m_base_addr[] 16 4
0 0 0 0 0 0 0 0 0 0 0 0 0 0 0 0
