frame 5400
m_md 1
m_page_x 20
m_page_y 20
m_page_size 0
m_pattern_size 0
m_bits16 1
m_pny_shift 5
m_na8_mask f
m_base_y_shift 2
m_h_div_size 0
m_v_div_size 0
m_col_shift 8
m_flip 0
m_zron 0
m_dspe 1
m_dckm 0
m_h_display_size 3
m_v_display_size 3
m_roz_wrap_disable 0
m_scroll_wrap_disable 0
m_planeA_trans_enable 1
m_planeB_trans_enable 0
m_priority_mode 1
m_cbdr 0
m_yse 0
m_scm 0
m_planeA_color_fetch 0
m_planeB_color_fetch 0
m_sprite_color_fetch 0
m_mosaic_aplane 0
m_mosaic_bplane 0
m_sprite_disable 0
m_sprite_aux_mode 1
m_sprite_aux_reg 0
m_border_color 0
m_sprite_bank f0
m_namcond1_gfxbank 0
m_vblank_irq_mask 1
m_raster_irq_mask 1
m_raster_irq_hpos 0
m_raster_irq_vpos 0
m_raster_irq_mode 0
m_ax 0
m_ay 0
m_dx 0
m_dy 0
m_dxy 0
m_dyx 0
m_raw_ax 0
m_raw_ay 0
m_raw_dx 0
m_raw_dy 0
m_raw_dxy 0
m_raw_dyx 0
m_crtc.htotal 324
m_crtc.vtotal 105
m_crtc.display_hstart 6c
m_crtc.display_vstart 1a
m_crtc.display_width 240
m_crtc.display_height e0
m_crtc.display_hsync 30
m_crtc.display_vsync 3
m_crtc.border_width 20
m_crtc.border_height 0
m_screen_status 0
m_ba_plane_scroll_select 1
m_plane_select_access 0
m_xtile_ptr 1f
m_ytile_ptr 1a
m_pattern_name_table[] 4096 1
20 0 20 0 20 0 20 0 20 0 20 0 20 0 20 0 20 0 20 0 20 0 20 0 20 0 20 0 20 0 20 0 20 0 20 0 20 0 20 0 20 0 20 0 20 0 20 0 20 0 20 0 20 0 fd 20 20 0 20 0 20 0 20 0
20 0 20 0 20 0 20 0 20 0 20 0 20 0 20 0 20 0 20 0 20 0 20 0 20 0 20 0 20 0 20 0 20 0 20 0 20 0 20 0 20 0 20 0 20 0 20 0 20 0 20 0 20 0 fd 20 20 0 20 0 20 0 20 0
20 0 20 0 20 0 20 0 20 0 20 0 20 0 20 0 20 0 20 0 20 0 20 0 20 0 20 0 20 0 20 0 20 0 20 0 20 0 20 0 20 0 20 0 20 0 20 0 20 0 20 0 20 0 fd 20 20 0 20 0 20 0 20 0
20 0 20 0 20 0 20 0 20 0 20 0 20 0 20 0 20 0 20 0 20 0 20 0 20 0 20 0 20 0 20 0 20 0 20 0 20 0 20 0 20 0 20 0 20 0 20 0 20 0 20 0 20 0 fd 20 20 0 20 0 20 0 20 0
20 0 20 0 20 0 20 0 20 0 20 0 20 0 20 0 20 0 20 0 20 0 20 0 20 0 20 0 20 0 20 0 20 0 20 0 20 0 20 0 20 0 20 0 20 0 20 0 20 0 20 0 20 0 fd 20 20 0 20 0 20 0 20 0
20 0 20 0 20 0 20 0 20 0 20 0 20 0 20 0 20 0 20 0 20 0 20 0 20 0 20 0 20 0 20 0 20 0 20 0 20 0 20 0 20 0 20 0 20 0 20 0 20 0 20 0 20 0 fd 20 20 0 20 0 20 0 20 0
20 0 20 0 20 0 20 0 20 0 20 0 20 0 20 0 20 0 20 0 20 0 20 0 20 0 20 0 20 0 20 0 20 0 20 0 20 0 20 0 20 0 20 0 20 0 20 0 20 0 20 0 20 0 fd 20 20 0 20 0 20 0 20 0
20 0 20 0 20 0 20 0 20 0 20 0 20 0 20 0 20 0 20 0 20 0 20 0 20 0 20 0 20 0 20 0 20 0 20 0 20 0 20 0 20 0 20 0 20 0 20 0 20 0 20 0 20 0 fd 20 20 0 20 0 20 0 20 0
20 0 20 0 20 0 20 0 20 0 20 0 20 0 20 0 20 0 20 0 20 0 20 0 20 0 20 0 20 0 20 0 20 0 20 0 20 0 20 0 20 0 20 0 20 0 20 0 20 0 20 0 20 0 ff 20 20 0 20 0 20 0 20 0
20 0 20 0 20 0 20 0 20 0 20 0 20 0 20 0 20 0 20 0 20 0 20 0 20 0 20 0 20 0 20 0 20 0 20 0 20 0 20 0 20 0 20 0 20 0 20 0 20 0 20 0 20 0 fd 20 20 0 0 0 20 0 20 0
20 0 20 0 20 0 20 0 20 0 20 0 20 0 20 0 20 0 20 0 20 0 20 0 20 0 20 0 20 0 20 0 20 0 20 0 20 0 20 0 20 0 20 0 20 0 20 0 20 0 20 0 20 0 fd 20 20 0 0 0 20 0 20 0
20 0 20 0 20 0 20 0 20 0 20 0 20 0 20 0 20 0 20 0 20 0 20 0 20 0 20 0 20 0 20 0 20 0 20 0 20 0 20 0 20 0 20 0 20 0 20 0 20 0 20 0 20 0 fd 20 20 0 0 0 20 0 20 0
20 0 20 0 20 0 20 0 20 0 20 0 20 0 20 0 20 0 20 0 20 0 20 0 20 0 20 0 20 0 20 0 20 0 20 0 20 0 20 0 20 0 20 0 20 0 20 0 20 0 20 0 20 0 fd 20 20 0 0 0 20 0 20 0
20 0 20 0 20 0 20 0 20 0 20 0 20 0 20 0 20 0 20 0 20 0 20 0 20 0 20 0 20 0 20 0 20 0 20 0 20 0 20 0 20 0 20 0 20 0 20 0 20 0 20 0 20 0 fd 20 20 0 2 0 20 0 20 0
20 0 20 0 20 0 20 0 20 0 20 0 20 0 20 0 20 0 20 0 20 0 20 0 20 0 20 0 20 0 20 0 20 0 20 0 20 0 20 0 20 0 20 0 20 0 20 0 20 0 20 0 20 0 fd 20 20 0 20 0 20 0 20 0
20 0 20 0 20 0 20 0 20 0 20 0 20 0 20 0 20 0 20 0 20 0 20 0 20 0 20 0 20 0 20 0 20 0 20 0 20 0 20 0 20 0 20 0 20 0 20 0 20 0 20 0 20 0 fd 20 20 0 20 0 20 0 20 0
20 0 20 0 20 0 20 0 20 0 20 0 20 0 20 0 20 0 20 0 20 0 20 0 20 0 20 0 20 0 20 0 20 0 20 0 20 0 20 0 20 0 20 0 20 0 20 0 20 0 20 0 20 0 fd 20 20 0 20 0 20 0 20 0
20 0 20 0 20 0 20 0 20 0 20 0 20 0 20 0 20 0 20 0 20 0 20 0 20 0 20 0 20 0 20 0 20 0 20 0 20 0 20 0 20 0 20 0 20 0 20 0 20 0 20 0 20 0 fe 20 20 0 20 0 20 0 20 0
20 0 20 0 20 0 20 0 20 0 20 0 20 0 20 0 20 0 20 0 20 0 20 0 20 0 20 0 20 0 20 0 20 0 20 0 20 0 20 0 20 0 20 0 20 0 20 0 20 0 20 0 20 0 fd 20 20 0 20 0 20 0 20 0
20 0 20 0 20 0 20 0 20 0 20 0 20 0 20 0 20 0 20 0 20 0 20 0 20 0 20 0 20 0 20 0 20 0 20 0 20 0 20 0 20 0 20 0 20 0 20 0 20 0 20 0 20 0 fd 20 20 0 0 0 20 0 f3 0
20 0 20 0 20 0 20 0 20 0 20 0 20 0 20 0 20 0 20 0 20 0 20 0 20 0 20 0 20 0 20 0 20 0 20 0 20 0 20 0 20 0 20 0 20 0 20 0 20 0 20 0 20 0 fd 20 20 0 0 0 20 0 f3 0
20 0 20 0 20 0 20 0 20 0 20 0 20 0 20 0 20 0 20 0 20 0 20 0 20 0 20 0 20 0 20 0 20 0 20 0 20 0 20 0 20 0 20 0 20 0 20 0 20 0 20 0 20 0 fd 20 20 0 2 0 20 0 f3 0
20 0 20 0 20 0 20 0 20 0 20 0 20 0 20 0 20 0 20 0 20 0 20 0 20 0 20 0 20 0 20 0 20 0 20 0 20 0 20 0 20 0 20 0 20 0 20 0 20 0 20 0 20 0 fd 20 20 0 2 0 20 0 f3 0
20 0 20 0 20 0 20 0 20 0 20 0 20 0 20 0 20 0 20 0 20 0 20 0 20 0 20 0 20 0 20 0 20 0 20 0 20 0 20 0 20 0 20 0 20 0 20 0 20 0 20 0 20 0 fd 20 20 0 20 0 20 0 f3 0
20 0 20 0 20 0 20 0 20 0 20 0 20 0 20 0 20 0 20 0 20 0 20 0 20 0 20 0 20 0 20 0 20 0 20 0 20 0 20 0 20 0 20 0 20 0 20 0 20 0 20 0 20 0 fd 20 20 0 20 0 20 0 f3 0
20 0 20 0 20 0 20 0 20 0 20 0 20 0 20 0 20 0 20 0 20 0 20 0 20 0 20 0 20 0 20 0 20 0 20 0 20 0 20 0 20 0 20 0 20 0 20 0 20 0 20 0 20 0 fd 20 20 0 20 0 20 0 fb 0
20 0 20 0 20 0 20 0 20 0 20 0 20 0 20 0 20 0 20 0 20 0 20 0 20 0 20 0 20 0 20 0 20 0 20 0 20 0 20 0 20 0 20 0 20 0 20 0 20 0 20 0 20 0 fd 20 20 0 20 0 20 0 fb 0
20 0 20 0 20 0 20 0 20 0 20 0 20 0 20 0 20 0 20 0 20 0 20 0 20 0 20 0 20 0 20 0 20 0 20 0 20 0 20 0 20 0 20 0 20 0 20 0 20 0 20 0 20 0 fe 20 20 0 20 0 20 0 20 0
20 0 20 0 20 0 20 0 20 0 20 0 20 0 20 0 20 0 20 0 20 0 20 0 20 0 20 0 20 0 20 0 20 0 20 0 20 0 20 0 20 0 20 0 20 0 20 0 20 0 20 0 20 0 20 0 20 0 20 0 20 0 20 0
20 0 20 0 20 0 20 0 20 0 20 0 20 0 20 0 20 0 20 0 20 0 20 0 20 0 20 0 20 0 20 0 20 0 20 0 20 0 20 0 20 0 20 0 20 0 20 0 20 0 20 0 20 0 20 0 20 0 20 0 20 0 20 0
20 0 20 0 20 0 20 0 20 0 20 0 20 0 20 0 20 0 20 0 20 0 20 0 20 0 20 0 20 0 20 0 20 0 20 0 20 0 20 0 20 0 20 0 20 0 20 0 20 0 20 0 20 0 20 0 20 0 20 0 20 0 20 0
20 0 20 0 20 0 20 0 20 0 20 0 20 0 20 0 20 0 20 0 20 0 20 0 20 0 20 0 20 0 20 0 20 0 20 0 20 0 20 0 20 0 20 0 20 0 20 0 20 0 20 0 20 0 20 0 20 0 20 0 20 0 20 0
5 c0 8 c0 1 c0 5 c0 8 c0 1 c0 5 c0 8 c0 1 c0 5 c0 8 c0 1 c0 5 c0 8 c0 1 c0 5 c0 8 c0 1 c0 5 c0 8 c0 5 c0 8 c0 1 c0 5 c0 8 c0 1 c0 5 c0 8 c0 1 c0 5 c0 8 c0 1 c0
4 c0 7 c0 3 c0 4 c0 7 c0 3 c0 4 c0 7 c0 3 c0 4 c0 7 c0 3 c0 4 c0 7 c0 3 c0 4 c0 7 c0 3 c0 4 c0 7 c0 4 c0 7 c0 3 c0 4 c0 7 c0 3 c0 4 c0 7 c0 3 c0 4 c0 7 c0 3 c0
6 c0 9 c0 2 c0 6 c0 9 c0 2 c0 6 c0 9 c0 2 c0 6 c0 9 c0 2 c0 6 c0 9 c0 2 c0 6 c0 9 c0 2 c0 6 c0 9 c0 6 c0 9 c0 2 c0 6 c0 9 c0 2 c0 6 c0 9 c0 2 c0 6 c0 9 c0 2 c0
5 c0 8 c0 1 c0 5 c0 8 c0 1 c0 5 c0 8 c0 1 c0 5 c0 8 c0 1 c0 5 c0 8 c0 1 c0 5 c0 8 c0 1 c0 5 c0 8 c0 5 c0 8 c0 1 c0 5 c0 8 c0 1 c0 5 c0 8 c0 1 c0 5 c0 8 c0 1 c0
4 c0 7 c0 3 c0 4 c0 7 c0 3 c0 4 c0 7 c0 3 c0 4 c0 7 c0 3 c0 4 c0 7 c0 3 c0 4 c0 7 c0 3 c0 4 c0 7 c0 4 c0 7 c0 3 c0 4 c0 7 c0 3 c0 4 c0 7 c0 3 c0 4 c0 7 c0 3 c0
6 c0 9 c0 2 c0 6 c0 9 c0 2 c0 6 c0 9 c0 2 c0 6 c0 9 c0 2 c0 6 c0 9 c0 2 c0 6 c0 9 c0 2 c0 6 c0 9 c0 6 c0 9 c0 2 c0 6 c0 9 c0 2 c0 6 c0 9 c0 2 c0 6 c0 9 c0 2 c0
5 c0 8 c0 1 c0 5 c0 8 c0 1 c0 5 c0 8 c0 1 c0 5 c0 8 c0 1 c0 5 c0 8 c0 1 c0 5 c0 8 c0 1 c0 5 c0 8 c0 5 c0 8 c0 1 c0 5 c0 8 c0 1 c0 5 c0 8 c0 1 c0 5 c0 8 c0 1 c0
4 c0 7 c0 3 c0 4 c0 7 c0 3 c0 4 c0 7 c0 3 c0 4 c0 7 c0 3 c0 4 c0 7 c0 3 c0 4 c0 7 c0 3 c0 4 c0 7 c0 4 c0 7 c0 3 c0 4 c0 7 c0 3 c0 4 c0 7 c0 3 c0 4 c0 7 c0 3 c0
6 c0 9 c0 2 c0 6 c0 9 c0 2 c0 6 c0 9 c0 2 c0 6 c0 9 c0 2 c0 6 c0 9 c0 2 c0 6 c0 9 c0 2 c0 6 c0 9 c0 6 c0 9 c0 2 c0 6 c0 9 c0 2 c0 6 c0 9 c0 2 c0 6 c0 9 c0 2 c0
5 c0 8 c0 1 c0 5 c0 8 c0 1 c0 5 c0 8 c0 1 c0 5 c0 8 c0 1 c0 5 c0 8 c0 1 c0 5 c0 8 c0 1 c0 5 c0 8 c0 5 c0 8 c0 1 c0 5 c0 8 c0 1 c0 5 c0 8 c0 1 c0 5 c0 8 c0 1 c0
4 c0 7 c0 3 c0 4 c0 7 c0 3 c0 4 c0 7 c0 3 c0 4 c0 7 c0 3 c0 4 c0 7 c0 3 c0 4 c0 7 c0 3 c0 4 c0 7 c0 4 c0 7 c0 3 c0 4 c0 7 c0 3 c0 4 c0 7 c0 3 c0 4 c0 7 c0 3 c0
6 c0 9 c0 2 c0 6 c0 9 c0 2 c0 6 c0 9 c0 2 c0 6 c0 9 c0 2 c0 6 c0 9 c0 2 c0 6 c0 9 c0 2 c0 6 c0 9 c0 6 c0 9 c0 2 c0 6 c0 9 c0 2 c0 6 c0 9 c0 2 c0 6 c0 9 c0 2 c0
5 c0 8 c0 1 c0 5 c0 8 c0 1 c0 5 c0 8 c0 1 c0 5 c0 8 c0 1 c0 5 c0 8 c0 1 c0 5 c0 8 c0 1 c0 5 c0 8 c0 5 c0 8 c0 1 c0 5 c0 8 c0 1 c0 5 c0 8 c0 1 c0 5 c0 8 c0 1 c0
3d c0 65 c0 16 b0 1f b0 2a b0 71 d0 76 d0 7a d0 69 b0 23 b0 2e b0 91 c0 9a c0 a1 c0 a9 b0 81 b0 84 b0 bd c0 cd c0 da c0 6 c0 9 c0 2 c0 6 c0 d c0 18 b0 23 b0 2e b0 3d c0 4b c0 4b c0 4b c0
3d c0 65 c0 14 b0 1e b0 29 b0 71 d0 75 d0 7a d0 68 b0 22 b0 2d b0 90 c0 99 c0 a0 c0 a8 b0 80 b0 83 b0 bc c0 cc c0 d9 c0 5 c0 8 c0 1 c0 5 c0 c c0 17 b0 22 b0 2d b0 3d c0 4b c0 4b c0 4b c0
60 c0 64 c0 6b b0 1d b0 28 b0 71 d0 76 d0 7a d0 67 b0 21 b0 2c b0 8f c0 98 c0 a2 c0 aa b0 7f b0 82 b0 bb c0 cb c0 d8 c0 4 c0 7 c0 3 c0 4 c0 b c0 16 b0 21 b0 2c b0 3c c0 4a c0 4a c0 4a c0
1f b0 2a b0 58 b0 1c b0 27 b0 71 d0 77 d0 7a d0 68 b0 1c b0 27 b0 8e c0 97 c0 a1 c0 a9 b0 81 b0 84 b0 ba c0 ca c0 d7 c0 6 c0 9 c0 2 c0 6 c0 d c0 11 b0 1c b0 27 b0 3b b0 23 b0 2e b0 5f b0
1e b0 29 b0 57 b0 1b b0 26 b0 71 d0 76 d0 7a d0 67 b0 1b b0 26 b0 8d c0 96 c0 a0 c0 a8 b0 80 b0 83 b0 b9 c0 c9 c0 d6 c0 5 c0 8 c0 1 c0 5 c0 c c0 10 b0 1b b0 26 b0 3a b0 22 b0 2d b0 5e b0
54 b0 54 b0 6a b0 20 b0 2b b0 71 d0 75 d0 7a d0 7e b0 20 b0 2b b0 8c c0 95 c0 9f c0 a7 b0 7f b0 82 b0 b8 c0 c8 c0 d5 c0 4 c0 7 c0 3 c0 4 c0 b c0 15 b0 20 b0 2b b0 39 b0 49 b0 54 b0 54 b0
48 d0 63 d0 69 b0 1f b0 2a b0 71 d0 76 d0 7a d0 69 b0 81 b0 84 b0 8b b0 94 b0 9e b0 58 b0 1c b0 27 b0 3b b0 23 b0 2e b0 6 c0 9 c0 2 c0 6 c0 d c0 18 b0 23 b0 2e b0 38 d0 48 d0 48 d0 48 d0
42 d0 62 d0 68 b0 1e b0 29 b0 71 d0 77 d0 7a d0 68 b0 80 b0 83 b0 8a b0 93 b0 9d b0 57 b0 1b b0 26 b0 3a b0 22 b0 2d b0 5 c0 8 c0 1 c0 5 c0 c c0 17 b0 22 b0 2d b0 33 d0 42 d0 42 d0 42 d0
42 d0 62 d0 67 b0 1d b0 28 b0 71 d0 76 d0 7a d0 67 b0 7f b0 82 b0 89 b0 92 b0 9c b0 39 b0 af b0 b2 b0 b7 b0 c7 b0 49 b0 4 c0 7 c0 3 c0 4 c0 b c0 16 b0 21 b0 2c b0 34 d0 47 d0 53 d0 5d d0
42 d0 62 d0 68 b0 23 b0 2e b0 71 d0 75 d0 7a d0 69 b0 23 b0 2e b0 88 b0 81 b0 84 b0 38 d0 48 d0 48 d0 48 d0 48 d0 48 d0 6 c0 9 c0 2 c0 6 c0 d c0 11 b0 1c b0 27 b0 37 d0 46 d0 52 d0 5c d0
42 d0 62 d0 67 b0 22 b0 2d b0 71 d0 76 d0 7a d0 68 b0 22 b0 2d b0 87 b0 80 b0 83 b0 33 d0 76 d0 b1 d0 76 d0 b1 d0 76 d0 5 c0 8 c0 1 c0 5 c0 c c0 10 b0 1b b0 26 b0 36 d0 45 d0 51 d0 5b d0
42 d0 62 d0 69 b0 21 b0 2c b0 71 d0 77 d0 7a d0 67 b0 21 b0 2c b0 86 b0 7f b0 82 b0 32 d0 41 d0 41 d0 41 d0 41 d0 41 d0 4 c0 7 c0 3 c0 4 c0 b c0 15 b0 20 b0 2b b0 35 d0 44 d0 50 d0 5a d0
42 d0 62 d0 68 b0 40 b0 4e b0 71 d0 76 d0 7a d0 68 b0 40 b0 4e b0 3b b0 23 b0 2e b0 58 b0 1c b0 27 b0 3b b0 23 b0 2e b0 6 c0 9 c0 2 c0 6 c0 d c0 14 b0 1f b0 2a b0 34 d0 43 d0 4f d0 59 d0
42 d0 62 d0 67 b0 3f b0 4d b0 71 d0 75 d0 7a d0 67 b0 3f b0 4d b0 3a b0 22 b0 2d b0 57 b0 1b b0 26 b0 3a b0 22 b0 2d b0 5 c0 8 c0 1 c0 5 c0 c c0 13 b0 1e b0 29 b0 33 d0 42 d0 42 d0 42 d0
41 d0 61 d0 66 b0 6d b0 6f b0 70 d0 74 d0 79 d0 7d b0 6d b0 6f b0 85 b0 21 b0 2c b0 a6 b0 ae b0 b0 b0 b6 b0 c6 b0 d4 b0 4 c0 7 c0 3 c0 4 c0 b c0 12 b0 1d b0 28 b0 32 d0 41 d0 41 d0 41 d0
1c b0 27 b0 3b b0 23 b0 2e b0 5f b0 1f b0 2a b0 31 b0 40 b0 4e b0 3b b0 23 b0 2e b0 a5 c0 ad c0 a1 c0 b5 c0 ad c0 a1 c0 6 c0 9 c0 2 c0 6 c0 d c0 11 b0 1c b0 27 b0 31 b0 40 b0 4e b0 58 b0
1b b0 26 b0 3a b0 22 b0 2d b0 5e b0 1e b0 29 b0 30 b0 3f b0 4d b0 3a b0 22 b0 2d b0 a4 c0 ac c0 a0 c0 b4 c0 c5 c0 a0 c0 5 c0 8 c0 1 c0 5 c0 c c0 10 b0 1b b0 26 b0 30 b0 3f b0 4d b0 57 b0
1a b0 25 b0 56 b0 6c b0 6e b0 56 b0 1a b0 6e b0 2f b0 3e b0 4c b0 56 b0 6c b0 9b b0 a3 c0 ab c0 a2 c0 b3 c0 c4 c0 a2 c0 4 c0 7 c0 3 c0 4 c0 b c0 f b0 1a b0 25 b0 2f b0 3e b0 4c b0 56 b0
19 c0 24 c0 e c0 19 c0 24 c0 e c0 19 c0 24 c0 e c0 19 c0 24 c0 e c0 19 c0 24 c0 e c0 19 c0 24 c0 e c0 19 c0 24 c0 6 c0 9 c0 2 c0 6 c0 a c0 e c0 19 c0 24 c0 e c0 19 c0 24 c0 e c0
m_sprite_attribute_table.b[] 256 1
12 f6 64 73 34 df 4 a5 22 e5 0 12 c4 14 2 1 8f 18 2 1 97 18 2 10 e 3 2 13 10 ef 0 13 38 e7 0 13 1c 1 2 14 2 ed 0 13 bf e0 2c df 7f e0 2c e0 3f e0 1c e4 ff e0 2d e2 5f 6c 34 18
65 90 64 7a 0 0 1 0 0 0 1 0 0 0 1 0 0 0 1 0 0 0 1 0 0 0 1 0 0 0 1 0 0 0 1 0 0 0 1 0 0 0 1 0 0 0 1 0 0 0 1 0 0 0 1 0 0 0 1 0 0 0 1 0
0 0 1 0 0 0 1 0 0 0 1 0 0 0 1 0 0 0 1 0 0 0 1 0 0 0 1 0 0 0 1 0 0 0 1 0 0 0 1 0 0 0 1 0 0 0 1 0 0 0 1 0 0 0 1 0 0 0 1 0 0 0 1 0
0 0 1 0 0 0 1 0 0 0 1 0 0 0 1 0 0 0 1 0 0 0 1 0 0 0 1 0 0 0 1 0 0 0 1 0 0 0 1 0 0 0 1 0 0 0 1 0 0 0 1 0 0 0 1 0 0 0 1 0 0 0 1 0
m_scroll_data_table[] 512 1
0 0 0 0 0 0 0 0 0 0 0 0 0 0 0 0 0 0 0 0 0 0 0 0 0 0 0 0 0 0 0 0 0 0 0 0 0 0 0 0 0 0 0 0 0 0 0 0 0 0 0 0 0 0 0 0 0 0 0 0 0 0 0 0
0 0 0 0 0 0 0 0 0 0 0 0 0 0 0 0 0 0 0 0 0 0 0 0 0 0 0 0 0 0 0 0 0 0 0 0 0 0 0 0 0 0 0 0 0 0 0 0 0 0 0 0 0 0 0 0 0 0 0 0 0 0 0 0
0 0 0 0 0 0 0 0 0 0 0 0 0 0 0 0 0 0 0 0 0 0 0 0 0 0 0 0 0 0 0 0 0 0 0 0 0 0 0 0 0 0 0 0 0 0 0 0 0 0 0 0 0 0 0 0 0 0 0 0 0 0 0 0
20 20 20 20 20 20 20 20 20 20 20 20 20 20 20 20 20 20 20 20 20 20 20 20 20 20 20 20 20 20 20 20 0 0 0 0 0 0 0 0 0 0 0 0 0 0 0 0 0 0 0 0 0 0 0 0 0 0 0 0 0 0 0 0
7e 0 0 0 0 0 0 0 0 0 0 0 0 0 0 0 0 0 0 0 0 0 0 0 0 0 0 0 0 0 0 0 0 0 0 0 0 0 0 0 0 0 0 0 0 0 0 0 0 0 0 0 0 0 0 0 0 0 0 0 0 0 0 0
0 0 0 0 0 0 0 0 0 0 0 0 0 0 0 0 0 0 0 0 0 0 0 0 0 0 0 0 0 0 0 0 0 0 0 0 0 0 0 0 0 0 0 0 0 0 0 0 0 0 0 0 0 0 0 0 0 0 0 0 0 0 0 0
b4 0 0 0 0 0 0 0 0 0 0 0 0 0 0 0 0 0 0 0 0 0 0 0 0 0 0 0 0 0 0 0 0 0 0 0 0 0 0 0 0 0 0 0 0 0 0 0 0 0 0 0 0 0 0 0 0 0 0 0 0 0 0 0
23 23 23 23 23 23 23 23 23 23 23 23 23 23 23 23 23 23 23 23 23 23 23 23 23 23 23 23 23 23 23 23 0 0 0 0 0 0 0 0 0 0 0 0 0 0 0 0 0 0 0 0 0 0 0 0 0 0 0 0 0 0 0 0
m_colour_palette[] 768 1
0 0 0 3f 3f 3f 3b 3b 3b 35 35 35 30 30 30 2a 2a 2a 10 10 10 2 2 2 0 0 0 0 0 0 3f 3f 0 3e 3e 3e 3f 3f 3f 3e 0 0 3e 3e 0 0 3e 0 0 0 0 36 36 36 3f 3f 3f 0 27 3f 3e 3e 0 3e
0 0 29 29 29 27 27 28 1d 1c 1d 1a 34 3f 0 18 3a 0 0 28 1f 3b 29 f 36 23 0 31 1e 0 0 0 0 26 1e 36 36 36 3f 3f 3f 10 18 3e 3e 3e 0 3e 0 0 29 29 29 27 27 28 1d 1c 1d 0 0 0 0 0
0 0 0 0 0 0 0 0 0 0 0 0 0 0 0 0 30 1f 13 b 2d 3f 0 23 3f 0 17 3f 0 8 36 0 0 26 3f 3f 3f 3f 3f 10 3b 30 1 24 24 24 14 14 14 c c c d d d 0 0 0 14 25 1 0 10 0
30 28 13 3f 23 18 3f 0 0 39 0 0 33 0 0 2d 0 0 3f 3f 3f 28 38 2e 11 31 1e 24 24 24 14 14 14 c c c d d d 0 0 0 19 19 25 0 0 0 30 28 13 3f 3f 3f 2c 2c 2d 24 21 22 1d 17 17 16
d d 2d 1d 24 24 18 1e 3f 0 0 36 33 22 34 34 34 2c 2b 2d 26 25 26 3f 0 3f 0 0 0 f d 6 30 28 13 2f 3f 0 29 3b 0 25 36 0 20 31 0 31 17 5 2e 6 3 16 3 1 39 a a 18 0 c 3f 3f
3f 28 28 28 0 1a 0 3f 0 3f 3d 0 3f f d 6 30 28 13 0 3f 3f 0 39 39 0 33 33 0 2c 2c 6 1c 38 b f 22 0 0 14 39 a a 18 0 c 3f 0 3f 3f 0 3f 3f 0 3f 3f 0 3f 3d 0 3f f d 6
30 28 13 39 38 37 35 36 36 32 33 35 2f 31 34 2c 2f 33 29 2d 32 25 29 2f 24 26 2b 23 24 28 22 22 24 22 1f 20 21 1d 1d 3f 0 3f 3f 0 3f 3f 0 3f f 12 19 25 1e 12 1c 16 a 16 11 7 f c 5 27
27 28 1e 1c 1b 14 12 f e b f 3f 0 3f 3f 0 3f 3f 0 3f 3f 0 3f 3f 0 3f 3f 0 3f 3f 0 3f 3f 0 3f 3f 0 3f 3f 0 3f 3f 0 3f 3f 0 3f 3f 0 3f 3f 0 3f 3f 0 3f 3f 0 3f 3f 0 3f 3f 0
3f 3f 0 3f 3f 0 3f 3f 0 3f 3f 0 3f 3f 0 3f 3f 0 3f 35 2c 16 30 27 f 2d 24 d 2b 22 c 27 1e a 1c 16 5 14 16 9 25 1e 12 1c 16 a 16 11 7 f c 5 27 27 28 1e 1c 1b 14 12 f e b f
23 31 4 27 2e d 1d 23 5 15 1a 1 0 23 7 0 1d 6 1 18 5 1 13 4 3d 39 0 36 1b 0 39 11 18 2f 0 d 3a 3a 30 23 7 3 b 12 2 2d 24 d 24 33 13 20 2a 10 17 20 8 f 17 2 27 2e 27 21
26 21 1b 1b 19 15 12 12 3e 3f 0 3d 2a 17 3f 15 1c 3b 0 11 31 20 4 28 17 2 b 12 2 2d 24 d 1f 2a d 23 29 25 15 1a 15 f 13 a 21 18 3a 3c 2b 32 3f 2b 19 13 23 16 10 1d 13 3a 39 36 1c 2c
32 14 24 2a 22 21 1d 18 17 14 b 12 2 2d 24 d 2a 22 19 25 1e 16 21 1a 13 1c 16 10 33 2f 29 2d 29 24 26 31 0 19 25 5 c 19 b 2d 0 0 34 33 c 15 0 33 3a 3a 32 35 0 38 b 12 2 2d 24 d
m_base_addr[] 16 4
0 0 0 0 0 0 0 0 0 0 0 0 0 0 0 0
