frame 2600
m_md 1
m_page_x 20
m_page_y 20
m_page_size 0
m_pattern_size 0
m_bits16 1
m_pny_shift 5
m_na8_mask f
m_base_y_shift 2
m_h_div_size 0
m_v_div_size 0
m_col_shift 8
m_flip 0
m_zron 0
m_dspe 1
m_dckm 0
m_h_display_size 3
m_v_display_size 3
m_roz_wrap_disable 0
m_scroll_wrap_disable 0
m_planeA_trans_enable 1
m_planeB_trans_enable 1
m_priority_mode 1
m_cbdr 0
m_yse 0
m_scm 0
m_planeA_color_fetch 0
m_planeB_color_fetch 0
m_sprite_color_fetch 0
m_mosaic_aplane 0
m_mosaic_bplane 0
m_sprite_disable 0
m_sprite_aux_mode 1
m_sprite_aux_reg 0
m_border_color 0
m_sprite_bank f0
m_namcond1_gfxbank 0
m_vblank_irq_mask 1
m_raster_irq_mask 1
m_raster_irq_hpos 0
m_raster_irq_vpos 0
m_raster_irq_mode 0
m_ax 0
m_ay 0
m_dx 0
m_dy 0
m_dxy 0
m_dyx 0
m_raw_ax 0
m_raw_ay 0
m_raw_dx 0
m_raw_dy 0
m_raw_dxy 0
m_raw_dyx 0
m_crtc.htotal 324
m_crtc.vtotal 105
m_crtc.display_hstart 6c
m_crtc.display_vstart 1a
m_crtc.display_width 240
m_crtc.display_height e0
m_crtc.display_hsync 30
m_crtc.display_vsync 3
m_crtc.border_width 20
m_crtc.border_height 0
m_screen_status 0
m_ba_plane_scroll_select 1
m_plane_select_access 0
m_xtile_ptr 1d
m_ytile_ptr e
m_pattern_name_table[] 4096 1
20 0 20 0 20 0 20 0 20 0 20 0 20 0 20 0 20 0 20 0 20 0 20 0 20 0 20 0 20 0 20 0 20 0 20 0 20 0 20 0 20 0 20 0 20 0 20 0 20 0 20 0 20 0 fd 20 20 0 20 0 20 0 20 0
20 0 20 0 20 0 20 0 20 0 20 0 20 0 20 0 20 0 20 0 20 0 20 0 20 0 20 0 20 0 20 0 20 0 20 0 20 0 20 0 20 0 20 0 20 0 20 0 20 0 20 0 20 0 fd 20 20 0 20 0 20 0 20 0
20 0 20 0 20 0 20 0 20 0 20 0 20 0 20 0 20 0 20 0 20 0 20 0 20 0 20 0 20 0 20 0 20 0 20 0 20 0 20 0 20 0 20 0 20 0 20 0 20 0 20 0 20 0 fd 20 20 0 20 0 20 0 20 0
20 0 20 0 20 0 20 0 20 0 20 0 20 0 20 0 20 0 20 0 20 0 20 0 20 0 20 0 20 0 20 0 20 0 20 0 20 0 20 0 20 0 20 0 20 0 20 0 20 0 20 0 20 0 fd 20 20 0 20 0 20 0 20 0
20 0 20 0 20 0 20 0 20 0 20 0 20 0 20 0 20 0 20 0 20 0 20 0 20 0 20 0 20 0 20 0 20 0 20 0 20 0 20 0 20 0 20 0 2e 0 20 0 20 0 20 0 20 0 fd 20 20 0 20 0 20 0 20 0
20 0 20 0 20 0 20 0 20 0 20 0 20 0 20 0 20 0 20 0 20 0 20 0 20 0 20 0 4e 0 20 0 20 0 20 0 20 0 20 0 20 0 20 0 44 0 20 0 44 0 20 0 20 0 fd 20 20 0 20 0 20 0 20 0
20 0 20 0 20 0 20 0 20 0 20 0 20 0 20 0 20 0 20 0 20 0 20 0 20 0 20 0 4f 0 20 0 20 0 20 0 20 0 20 0 20 0 20 0 54 0 20 0 45 0 20 0 20 0 fd 20 20 0 20 0 20 0 20 0
20 0 20 0 20 0 20 0 20 0 20 0 20 0 20 0 20 0 20 0 20 0 20 0 20 0 20 0 54 0 20 0 59 0 20 0 20 0 20 0 20 0 20 0 4c 0 20 0 56 0 20 0 20 0 fd 20 20 0 20 0 20 0 20 0
20 0 20 0 20 0 20 0 20 0 20 0 20 0 20 0 20 0 20 0 20 0 20 0 20 0 20 0 54 0 20 0 4c 0 20 0 20 0 20 0 20 0 20 0 20 0 20 0 52 0 20 0 20 0 ff 20 20 0 20 0 20 0 20 0
20 0 20 0 20 0 20 0 20 0 20 0 20 0 20 0 20 0 20 0 20 0 20 0 20 0 20 0 55 0 20 0 4e 0 20 0 1 0 20 0 20 0 20 0 4f 0 20 0 45 0 20 0 20 0 fd 20 20 0 0 0 20 0 20 0
20 0 20 0 20 0 20 0 20 0 20 0 20 0 20 0 20 0 20 0 20 0 20 0 20 0 20 0 42 0 20 0 4f 0 20 0 20 0 20 0 20 0 20 0 43 0 20 0 53 0 20 0 1f 0 fd 20 20 0 0 0 20 0 20 0
20 0 20 0 20 0 20 0 20 0 20 0 20 0 20 0 20 0 20 0 20 0 20 0 20 0 20 0 20 0 20 0 20 0 20 0 20 0 20 0 20 0 20 0 4d 0 20 0 45 0 20 0 1e 0 fd 20 20 0 0 0 20 0 20 0
20 0 20 0 20 0 20 0 20 0 20 0 20 0 20 0 20 0 20 0 20 0 20 0 20 0 20 0 54 0 20 0 52 0 20 0 54 0 20 0 20 0 20 0 41 0 20 0 52 0 20 0 1d 0 fd 20 20 0 0 0 20 0 20 0
20 0 20 0 20 0 20 0 20 0 20 0 20 0 20 0 20 0 20 0 20 0 20 0 20 0 20 0 52 0 20 0 45 0 20 0 49 0 20 0 20 0 20 0 4e 0 20 0 20 0 20 0 1c 0 fd 20 20 0 2 0 20 0 20 0
20 0 20 0 20 0 20 0 20 0 20 0 20 0 20 0 20 0 20 0 20 0 20 0 20 0 20 0 41 0 20 0 59 0 20 0 44 0 20 0 20 0 20 0 20 0 20 0 53 0 20 0 1b 0 fd 20 20 0 20 0 20 0 20 0
20 0 20 0 20 0 20 0 20 0 20 0 20 0 20 0 20 0 20 0 20 0 20 0 20 0 20 0 54 0 20 0 41 0 20 0 45 0 20 0 20 0 20 0 36 0 20 0 54 0 20 0 1a 0 fd 20 20 0 20 0 20 0 20 0
20 0 20 0 20 0 20 0 20 0 20 0 20 0 20 0 20 0 20 0 20 0 20 0 20 0 20 0 53 0 20 0 4c 0 20 0 52 0 20 0 20 0 20 0 39 0 20 0 48 0 20 0 19 0 fd 20 20 0 20 0 20 0 20 0
20 0 20 0 20 0 20 0 20 0 20 0 20 0 20 0 20 0 20 0 20 0 20 0 20 0 20 0 20 0 20 0 50 0 20 0 43 0 20 0 20 0 20 0 39 0 20 0 47 0 20 0 18 0 fe 20 20 0 20 0 20 0 20 0
20 0 20 0 20 0 20 0 20 0 20 0 20 0 20 0 20 0 20 0 20 0 20 0 20 0 20 0 48 0 20 0 20 0 20 0 20 0 20 0 20 0 20 0 31 0 20 0 49 0 20 0 20 0 fd 20 20 0 20 0 20 0 20 0
20 0 20 0 20 0 20 0 20 0 20 0 20 0 20 0 20 0 20 0 20 0 20 0 20 0 20 0 53 0 20 0 31 0 20 0 20 0 20 0 20 0 20 0 20 0 20 0 52 0 20 0 20 0 fd 20 20 0 30 0 20 0 20 0
20 0 20 0 20 0 20 0 20 0 20 0 20 0 20 0 20 0 20 0 20 0 20 0 20 0 20 0 55 0 20 0 20 0 20 0 20 0 20 0 20 0 20 0 30 0 20 0 20 0 20 0 20 0 fd 20 20 0 30 0 20 0 20 0
20 0 20 0 20 0 20 0 20 0 20 0 20 0 20 0 20 0 20 0 20 0 20 0 20 0 20 0 50 0 20 0 20 0 20 0 20 0 20 0 20 0 20 0 38 0 20 0 4c 0 20 0 20 0 fd 20 20 0 20 0 20 0 20 0
20 0 20 0 20 0 20 0 20 0 20 0 20 0 20 0 20 0 20 0 20 0 20 0 20 0 20 0 20 0 20 0 20 0 20 0 20 0 20 0 20 0 20 0 39 0 20 0 4c 0 20 0 20 0 fd 20 20 0 20 0 20 0 20 0
20 0 20 0 20 0 20 0 20 0 20 0 20 0 20 0 20 0 20 0 20 0 20 0 20 0 20 0 20 0 20 0 20 0 20 0 20 0 20 0 20 0 20 0 31 0 20 0 41 0 20 0 20 0 fd 20 20 0 20 0 20 0 20 0
20 0 20 0 20 0 20 0 20 0 20 0 20 0 20 0 20 0 20 0 20 0 20 0 20 0 20 0 20 0 20 0 20 0 20 0 20 0 20 0 20 0 20 0 17 0 20 0 20 0 20 0 20 0 fd 20 20 0 20 0 20 0 20 0
20 0 20 0 20 0 20 0 20 0 20 0 20 0 20 0 20 0 20 0 20 0 20 0 20 0 20 0 20 0 20 0 20 0 20 0 20 0 20 0 20 0 20 0 20 0 20 0 20 0 20 0 20 0 fd 20 20 0 20 0 20 0 20 0
20 0 20 0 20 0 20 0 20 0 20 0 20 0 20 0 20 0 20 0 20 0 20 0 20 0 20 0 20 0 20 0 20 0 20 0 20 0 20 0 20 0 20 0 20 0 20 0 20 0 20 0 20 0 fd 20 20 0 20 0 20 0 20 0
20 0 20 0 20 0 20 0 20 0 20 0 20 0 20 0 20 0 20 0 20 0 20 0 20 0 20 0 20 0 20 0 20 0 20 0 20 0 20 0 20 0 20 0 20 0 20 0 20 0 20 0 20 0 fe 20 20 0 20 0 20 0 20 0
20 0 20 0 20 0 20 0 20 0 20 0 20 0 20 0 20 0 20 0 20 0 20 0 20 0 20 0 20 0 20 0 20 0 20 0 20 0 20 0 20 0 20 0 20 0 20 0 20 0 20 0 20 0 20 0 20 0 20 0 20 0 20 0
20 0 20 0 20 0 20 0 20 0 20 0 20 0 20 0 20 0 20 0 20 0 20 0 20 0 20 0 20 0 20 0 20 0 20 0 20 0 20 0 20 0 20 0 20 0 20 0 20 0 20 0 20 0 20 0 20 0 20 0 20 0 20 0
20 0 20 0 20 0 20 0 20 0 20 0 20 0 20 0 20 0 20 0 20 0 20 0 20 0 20 0 20 0 20 0 20 0 20 0 20 0 20 0 20 0 20 0 20 0 20 0 20 0 20 0 20 0 20 0 20 0 20 0 20 0 20 0
20 0 20 0 20 0 20 0 20 0 20 0 20 0 20 0 20 0 20 0 20 0 20 0 20 0 20 0 20 0 20 0 20 0 20 0 20 0 20 0 20 0 20 0 20 0 20 0 20 0 20 0 20 0 20 0 20 0 20 0 20 0 20 0
20 0 20 0 20 0 20 0 20 0 20 0 20 0 20 0 20 0 20 0 20 0 20 0 20 0 20 0 20 0 20 0 20 0 20 0 20 0 20 0 20 0 20 0 20 0 20 0 20 0 20 0 20 0 20 0 20 0 20 0 20 0 20 0
20 0 20 0 20 0 20 0 20 0 20 0 20 0 20 0 20 0 20 0 20 0 20 0 20 0 20 0 20 0 20 0 20 0 20 0 20 0 20 0 20 0 20 0 20 0 20 0 20 0 20 0 20 0 20 0 20 0 20 0 20 0 20 0
20 0 20 0 20 0 20 0 20 0 20 0 20 0 20 0 20 0 20 0 20 0 20 0 20 0 20 0 20 0 20 0 20 0 20 0 20 0 20 0 20 0 20 0 20 0 20 0 20 0 20 0 20 0 20 0 20 0 20 0 20 0 20 0
20 0 20 0 20 0 20 0 20 0 20 0 20 0 20 0 20 0 20 0 20 0 20 0 20 0 20 0 20 0 20 0 20 0 20 0 20 0 20 0 20 0 20 0 20 0 20 0 20 0 20 0 20 0 20 0 20 0 20 0 20 0 20 0
20 0 20 e0 93 e1 a7 e1 bb e1 cf e1 e3 e1 f7 e1 20 f0 20 f0 20 f0 20 f0 20 f0 20 0 20 0 20 0 20 0 20 0 20 0 20 0 20 0 20 0 20 0 20 0 20 0 20 0 20 0 20 0 20 0 20 0 20 0 20 0
20 0 20 e0 92 e1 a6 e1 ba e1 ce e1 e2 e1 f6 e1 20 f0 20 f0 20 f0 20 f0 20 f0 20 0 20 0 20 0 20 0 20 0 20 0 20 0 20 0 20 0 20 0 20 0 20 0 20 0 20 0 20 0 20 0 20 0 20 0 20 0
20 0 20 e0 91 e1 a5 e1 b9 e1 cd e1 e1 e1 f5 e1 f f2 1f f2 2f f2 3f f2 20 f0 20 0 20 0 20 0 20 0 20 0 20 0 20 0 20 0 20 0 20 0 20 0 20 0 20 0 20 0 20 0 20 0 20 0 20 0 20 0
20 0 20 e0 90 e1 a4 e1 b8 e1 cc e1 e0 e1 f4 e1 e f2 1e f2 2e f2 3e f2 20 f0 20 0 20 0 20 0 20 0 20 0 20 0 20 0 20 0 20 0 20 0 20 0 20 0 20 0 20 0 20 0 20 0 20 0 20 0 20 0
20 0 20 e0 8f e1 a3 e1 b7 e1 cb e1 df e1 f3 e1 d f2 1d f2 2d f2 3d f2 20 f0 20 0 20 0 20 0 20 0 20 0 20 0 20 0 20 0 20 0 20 0 20 0 20 0 20 0 20 0 20 0 20 0 20 0 20 0 20 0
20 0 20 e0 8e e1 a2 e1 b6 e1 ca e1 de e1 f2 e1 c f2 1c f2 2c f2 3c f2 20 f0 20 0 20 0 20 0 20 0 20 0 20 0 20 0 20 0 20 0 20 0 20 0 20 0 20 0 20 0 20 0 20 0 20 0 20 0 20 0
20 0 20 e0 8d e1 a1 e1 b5 e1 c9 e1 dd e1 f1 e1 b f2 1b f2 2b f2 3b f2 20 f0 20 0 20 0 20 0 20 0 20 0 20 0 20 0 20 0 20 0 20 0 20 0 20 0 20 0 20 0 20 0 20 0 20 0 20 0 20 0
20 0 20 e0 8c e1 a0 e1 b4 e1 c8 e1 dc e1 f0 e1 a f2 1a f2 2a f2 3a f2 20 f0 20 0 20 0 20 0 20 0 20 0 20 0 20 0 20 0 20 0 20 0 20 0 20 0 20 0 20 0 20 0 20 0 20 0 20 0 20 0
20 0 20 e0 8b e1 9f e1 b3 e1 c7 e1 db e1 ef e1 9 f2 19 f2 29 f2 39 f2 20 f0 20 0 20 0 20 0 20 0 20 0 20 0 20 0 20 0 20 0 20 0 20 0 20 0 20 0 20 0 20 0 20 0 20 0 20 0 20 0
20 0 20 e0 8a e1 9e e1 b2 e1 c6 e1 da e1 ee e1 8 f2 18 f2 28 f2 38 f2 20 f0 20 0 20 0 20 0 20 0 20 0 20 0 20 0 20 0 20 0 20 0 20 0 20 0 20 0 20 0 20 0 20 0 20 0 20 0 20 0
20 0 20 e0 89 e1 9d e1 b1 e1 c5 e1 d9 e1 ed e1 7 f2 17 f2 27 f2 37 f2 20 f0 20 0 20 0 20 0 20 0 20 0 20 0 20 0 20 0 20 0 20 0 20 0 20 0 20 0 20 0 20 0 20 0 20 0 20 0 20 0
20 0 20 e0 88 e1 9c e1 b0 e1 c4 e1 d8 e1 ec e1 6 f2 16 f2 26 f2 36 f2 20 f0 20 0 20 0 20 0 20 0 20 0 20 0 20 0 20 0 20 0 20 0 20 0 20 0 20 0 20 0 20 0 20 0 20 0 20 0 20 0
20 0 20 e0 87 e1 9b e1 af e1 c3 e1 d7 e1 eb e1 5 f2 15 f2 25 f2 35 f2 20 f0 20 0 20 0 20 0 20 0 20 0 20 0 20 0 20 0 20 0 20 0 20 0 20 0 20 0 20 0 20 0 20 0 20 0 20 0 20 0
20 0 20 e0 86 e1 9a e1 ae e1 c2 e1 d6 e1 ea e1 4 f2 14 f2 24 f2 34 f2 20 f0 20 0 20 0 20 0 20 0 20 0 20 0 20 0 20 0 20 0 20 0 20 0 20 0 20 0 20 0 20 0 20 0 20 0 20 0 20 0
20 0 20 e0 85 e1 99 e1 ad e1 c1 e1 d5 e1 e9 e1 3 f2 13 f2 23 f2 33 f2 20 f0 20 0 20 0 20 0 20 0 20 0 20 0 20 0 20 0 20 0 20 0 20 0 20 0 20 0 20 0 20 0 20 0 20 0 20 0 20 0
20 0 20 e0 84 e1 98 e1 ac e1 c0 e1 d4 e1 e8 e1 2 f2 12 f2 22 f2 32 f2 20 f0 20 0 20 0 20 0 20 0 20 0 20 0 20 0 20 0 20 0 20 0 20 0 20 0 20 0 20 0 20 0 20 0 20 0 20 0 20 0
20 0 20 e0 83 e1 97 e1 ab e1 bf e1 d3 e1 e7 e1 1 f2 11 f2 21 f2 31 f2 20 f0 20 0 20 0 20 0 20 0 20 0 20 0 20 0 20 0 20 0 20 0 20 0 20 0 20 0 20 0 20 0 20 0 20 0 20 0 20 0
20 0 20 e0 82 e1 96 e1 aa e1 be e1 d2 e1 e6 e1 0 f2 10 f2 20 f2 30 f2 20 f0 20 0 20 0 20 0 20 0 20 0 20 0 20 0 20 0 20 0 20 0 20 0 20 0 20 0 20 0 20 0 20 0 20 0 20 0 20 0
20 0 20 e0 81 e1 95 e1 a9 e1 bd e1 d1 e1 e5 e1 20 f0 20 f0 20 f0 20 f0 20 f0 20 0 20 0 20 0 20 0 20 0 20 0 20 0 20 0 20 0 20 0 20 0 20 0 20 0 20 0 20 0 20 0 20 0 20 0 20 0
20 0 20 e0 80 e1 94 e1 a8 e1 bc e1 d0 e1 e4 e1 20 f0 20 f0 20 f0 20 f0 20 f0 20 0 20 0 20 0 20 0 20 0 20 0 20 0 20 0 20 0 20 0 20 0 20 0 20 0 20 0 20 0 20 0 20 0 20 0 20 0
20 0 20 0 20 0 20 0 20 0 20 0 20 0 20 0 20 0 20 0 20 0 20 0 20 0 20 0 20 0 20 0 20 0 20 0 20 0 20 0 20 0 20 0 20 0 20 0 20 0 20 0 20 0 20 0 20 0 20 0 20 0 20 0
20 0 20 0 20 0 20 0 20 0 20 0 20 0 20 0 20 0 20 0 20 0 20 0 20 0 20 0 20 0 20 0 20 0 20 0 20 0 20 0 20 0 20 0 20 0 20 0 20 0 20 0 20 0 20 0 20 0 20 0 20 0 20 0
20 0 20 0 20 0 20 0 20 0 20 0 20 0 20 0 20 0 20 0 20 0 20 0 20 0 20 0 20 0 20 0 20 0 20 0 20 0 20 0 20 0 20 0 20 0 20 0 20 0 20 0 20 0 20 0 20 0 20 0 20 0 20 0
20 0 20 0 20 0 20 0 20 0 20 0 20 0 20 0 20 0 20 0 20 0 20 0 20 0 20 0 20 0 20 0 20 0 20 0 20 0 20 0 20 0 20 0 20 0 20 0 20 0 20 0 20 0 20 0 20 0 20 0 20 0 20 0
20 0 20 0 20 0 20 0 20 0 20 0 20 0 20 0 20 0 20 0 20 0 20 0 20 0 20 0 20 0 20 0 20 0 20 0 20 0 20 0 20 0 20 0 20 0 20 0 20 0 20 0 20 0 20 0 20 0 20 0 20 0 20 0
20 0 20 0 20 0 20 0 20 0 20 0 20 0 20 0 20 0 20 0 20 0 20 0 20 0 20 0 20 0 20 0 20 0 20 0 20 0 20 0 20 0 20 0 20 0 20 0 20 0 20 0 20 0 20 0 20 0 20 0 20 0 20 0
20 0 20 0 20 0 20 0 20 0 20 0 20 0 20 0 20 0 20 0 20 0 20 0 20 0 20 0 20 0 20 0 20 0 20 0 20 0 20 0 20 0 20 0 20 0 20 0 20 0 20 0 20 0 20 0 20 0 20 0 20 0 20 0
20 0 20 0 20 0 20 0 20 0 20 0 20 0 20 0 20 0 20 0 20 0 20 0 20 0 20 0 20 0 20 0 20 0 20 0 20 0 20 0 20 0 20 0 20 0 20 0 20 0 20 0 20 0 20 0 20 0 20 0 20 0 20 0
m_sprite_attribute_table.b[] 256 1
c4 14 2 10 8f 18 2 10 97 18 2 10 bf e0 2c df 7f e0 2c e0 3f e0 1c e1 ff e0 2d e2 0 0 1 0 0 0 1 0 0 0 1 0 0 0 1 0 0 0 1 0 0 0 1 0 0 0 1 0 0 0 1 0 0 0 1 0
0 0 1 0 0 0 1 0 0 0 1 0 0 0 1 0 0 0 1 0 0 0 1 0 0 0 1 0 0 0 1 0 0 0 1 0 0 0 1 0 0 0 1 0 0 0 1 0 0 0 1 0 0 0 1 0 0 0 1 0 0 0 1 0
0 0 1 0 0 0 1 0 0 0 1 0 0 0 1 0 0 0 1 0 0 0 1 0 0 0 1 0 0 0 1 0 0 0 1 0 0 0 1 0 0 0 1 0 0 0 1 0 0 0 1 0 0 0 1 0 0 0 1 0 0 0 1 0
0 0 1 0 0 0 1 0 0 0 1 0 0 0 1 0 0 0 1 0 0 0 1 0 0 0 1 0 0 0 1 0 0 0 1 0 0 0 1 0 0 0 1 0 0 0 1 0 0 0 1 0 0 0 1 0 0 0 1 0 0 0 1 0
m_scroll_data_table[] 512 1
0 0 0 0 0 0 0 0 0 0 0 0 0 0 0 0 0 0 0 0 0 0 0 0 0 0 0 0 0 0 0 0 0 0 0 0 0 0 0 0 0 0 0 0 0 0 0 0 0 0 0 0 0 0 0 0 0 0 0 0 0 0 0 0
0 0 0 0 0 0 0 0 0 0 0 0 0 0 0 0 0 0 0 0 0 0 0 0 0 0 0 0 0 0 0 0 0 0 0 0 0 0 0 0 0 0 0 0 0 0 0 0 0 0 0 0 0 0 0 0 0 0 0 0 0 0 0 0
0 0 0 0 0 0 0 0 0 0 0 0 0 0 0 0 0 0 0 0 0 0 0 0 0 0 0 0 0 0 0 0 0 0 0 0 0 0 0 0 0 0 0 0 0 0 0 0 0 0 0 0 0 0 0 0 0 0 0 0 0 0 0 0
20 20 20 20 20 20 20 20 20 20 20 20 20 20 20 20 20 20 20 20 20 20 20 20 20 20 20 20 20 20 20 20 0 0 0 0 0 0 0 0 0 0 0 0 0 0 0 0 0 0 0 0 0 0 0 0 0 0 0 0 0 0 0 0
0 0 0 0 0 0 0 0 0 0 0 0 0 0 0 0 0 0 0 0 0 0 0 0 0 0 0 0 0 0 0 0 0 0 0 0 0 0 0 0 0 0 0 0 0 0 0 0 0 0 0 0 0 0 0 0 0 0 0 0 0 0 0 0
0 0 0 0 0 0 0 0 0 0 0 0 0 0 0 0 0 0 0 0 0 0 0 0 0 0 0 0 0 0 0 0 0 0 0 0 0 0 0 0 0 0 0 0 0 0 0 0 0 0 0 0 0 0 0 0 0 0 0 0 0 0 0 0
0 0 0 0 0 0 0 0 0 0 0 0 0 0 0 0 0 0 0 0 0 0 0 0 0 0 0 0 0 0 0 0 0 0 0 0 0 0 0 0 0 0 0 0 0 0 0 0 0 0 0 0 0 0 0 0 0 0 0 0 0 0 0 0
20 20 20 20 20 20 20 20 20 20 20 20 20 20 20 20 20 20 20 20 20 20 20 20 20 20 20 20 20 20 20 20 0 0 0 0 0 0 0 0 0 0 0 0 0 0 0 0 0 0 0 0 0 0 0 0 0 0 0 0 0 0 0 0
m_colour_palette[] 768 1
0 0 0 3f 3f 3f 3b 3b 3b 35 35 35 30 30 30 2a 2a 2a 10 10 10 2 2 2 0 0 0 0 0 0 3e 3e 0 3e 3e 3e 3e 3e 3e 3e 0 0 3e 3e 0 0 3e 0 0 0 0 36 36 36 3f 3f 3f 28 27 d 3e 3e 0 3e
0 0 29 29 29 27 27 28 1d 1c 1d 24 22 33 1f 1d 2d 1b 19 27 17 15 21 13 11 1b f d 15 0 0 0 0 26 1e 36 36 36 3f 3f 3f 10 18 3e 3e 3e 0 3e 0 0 29 29 29 27 27 28 1d 1c 1d 0 0 0 0 0
0 0 0 0 0 0 0 0 0 0 0 0 0 0 0 0 30 1f 13 b 2d 3f 0 23 3f 0 17 3f 0 8 36 0 0 26 3f 3f 3f 3f 3f 10 3b 30 1 d d d 24 24 24 14 14 14 c c c 0 0 0 14 25 1 0 10 0
30 28 13 3f 23 18 3f 0 0 39 0 0 33 0 0 2d 0 0 3f 3f 3f 28 38 2e 11 31 1e d d d 24 24 24 14 14 14 c c c 0 0 0 19 19 25 0 0 0 0 0 0 3f 0 3 3b 0 2 35 0 1 30 0 1 2a
0 0 3f 3f 0 2 2 2 0 0 0 0 0 0 0 0 0 0 0 0 0 0 0 3f 2 2 0 0 0 0 0 0 0 0 0 0 0 0 0 0 0 0 0 0 0 0 0 0 0 0 0 0 0 0 0 0 0 0 0 0 0 0 0 0
0 0 0 0 0 0 0 0 0 0 0 0 0 0 0 0 0 0 0 0 0 0 0 0 0 0 0 0 0 0 0 0 0 0 0 0 0 0 0 0 0 0 0 0 0 0 0 0 0 0 0 0 0 0 0 0 0 0 0 0 0 0 0 0
0 0 0 0 0 0 0 0 0 0 0 0 0 0 0 0 0 0 0 0 0 0 0 0 0 0 0 0 0 0 0 0 0 0 0 0 0 0 0 0 0 0 0 0 0 0 0 0 0 0 0 0 0 0 0 0 0 0 0 0 0 0 0 0
0 0 0 0 0 0 0 0 0 0 0 0 0 0 0 0 0 0 0 0 0 0 0 0 0 0 0 0 0 0 0 0 0 0 0 13 b 0 13 9 0 13 6 0 13 0 0 f 4 5 b 5 a 7 2 f 13 0 13 13 0 13 13 0
13 13 0 13 13 0 13 13 0 13 13 0 13 13 0 13 0 0 0 13 13 13 11 11 11 f f 10 d d f a a d 9 9 b 7 7 9 6 6 6 4 4 4 3 3 4 2 2 3 1 1 2 0 0 1 0 0 0 0 0 0
0 0 0 27 17 0 27 13 0 27 d 0 27 0 0 1f 9 a 17 b 14 f 5 1f 27 0 27 27 0 27 27 0 27 27 0 27 27 0 27 27 0 27 27 0 27 27 0 27 0 0 0 26 26 26 22 22 23 1e 1e 20 1a 1a 1e 15
15 1a 12 12 16 f f 12 c c d 9 9 9 6 6 8 4 4 7 3 3 5 1 1 3 0 0 0 0 0 0 0 0 0 3f 26 0 3f 1f 0 3f 16 0 3f 0 0 33 f 11 25 12 21 18 8 33 3f 0 3f 3f 0 3f 3f 0
3f 3f 0 3f 3f 0 3f 3f 0 3f 3f 0 3f 3f 0 3f 0 0 0 3d 3d 3d 37 37 38 30 30 34 2a 2a 30 23 23 2b 1e 1e 24 19 19 1d 14 14 16 f f f b b e 7 7 c 5 5 8 3 3 5 1 1 1 0 0 0
m_base_addr[] 16 4
0 0 0 0 0 0 0 0 0 0 0 0 0 0 0 0
