frame 1400
m_md 1
m_page_x 20
m_page_y 20
m_page_size 0
m_pattern_size 1
m_bits16 1
m_pny_shift 5
m_na8_mask f
m_base_y_shift 2
m_h_div_size 0
m_v_div_size 5
m_col_shift 0
m_flip 0
m_zron 0
m_dspe 1
m_dckm 0
m_h_display_size 0
m_v_display_size 0
m_roz_wrap_disable 0
m_scroll_wrap_disable 0
m_planeA_trans_enable 1
m_planeB_trans_enable 0
m_priority_mode 0
m_cbdr 0
m_yse 0
m_scm 0
m_planeA_color_fetch 0
m_planeB_color_fetch 0
m_sprite_color_fetch 0
m_mosaic_aplane 0
m_mosaic_bplane 0
m_sprite_disable 0
m_sprite_aux_mode 1
m_sprite_aux_reg 0
m_border_color 0
m_sprite_bank 0
m_namcond1_gfxbank 0
m_vblank_irq_mask 1
m_raster_irq_mask 0
m_raster_irq_hpos 0
m_raster_irq_vpos 0
m_raster_irq_mode 0
m_ax 0
m_ay 0
m_dx 0
m_dy 0
m_dxy 0
m_dyx 0
m_raw_ax 0
m_raw_ay 0
m_raw_dx 0
m_raw_dy 0
m_raw_dxy 0
m_raw_dyx 0
m_crtc.htotal 324
m_crtc.vtotal 105
m_crtc.display_hstart 6c
m_crtc.display_vstart 1a
m_crtc.display_width 240
m_crtc.display_height e0
m_crtc.display_hsync 30
m_crtc.display_vsync 3
m_crtc.border_width 20
m_crtc.border_height 0
m_screen_status 10
m_ba_plane_scroll_select 0
m_plane_select_access 0
m_xtile_ptr 2
m_ytile_ptr 0
m_pattern_name_table[] 4096 1
a3 41 c3 41 d7 41 49 1 49 1 49 1 49 1 49 1 49 1 49 1 49 1 49 1 49 1 49 1 49 1 49 1 49 1 49 1 49 1 49 1 49 1 49 1 49 1 49 1 49 1 49 1 49 1 49 1 49 1 49 1 49 1 49 1
a2 41 c2 41 d6 41 49 1 49 1 49 1 49 1 49 1 49 1 49 1 49 1 49 1 49 1 49 1 49 1 49 1 49 1 49 1 49 1 49 1 49 1 49 1 49 1 49 1 49 1 49 1 49 1 49 1 49 1 49 1 49 1 49 1
a1 41 b5 41 49 1 49 1 49 1 e9 41 49 71 49 71 49 71 49 71 49 71 49 71 49 71 49 71 49 71 49 1 f3 41 49 1 49 1 49 1 49 1 49 1 49 1 49 1 49 1 49 1 49 1 49 1 49 1 49 1 49 1 49 1
a0 41 b4 41 49 1 49 1 49 1 e8 41 49 71 65 41 79 41 8d 41 49 71 65 41 79 41 8d 41 49 71 49 1 f2 41 49 1 49 1 49 1 49 1 49 1 49 1 49 1 49 1 49 1 49 1 49 1 49 1 49 1 49 1 49 1
9f 41 b3 41 49 1 49 1 49 1 e7 41 49 71 64 41 78 41 8c 41 49 71 64 41 78 41 8c 41 49 71 49 1 f1 41 49 1 49 1 49 1 49 1 49 1 49 1 49 1 49 1 49 1 49 1 49 1 49 1 49 1 49 1 49 1
9e 41 b2 41 49 1 49 1 49 1 e6 41 49 71 63 41 77 41 8b 41 49 71 63 41 77 41 8b 41 49 71 49 1 f0 41 49 1 49 1 49 1 49 1 49 1 49 1 49 1 49 1 49 1 49 1 49 1 49 1 49 1 49 1 49 1
9d 41 b1 41 49 1 49 1 49 1 e5 41 49 71 62 41 76 41 8a 41 49 71 62 41 76 41 8a 41 49 71 49 1 ef 41 49 1 49 1 49 1 49 1 49 1 49 1 49 1 49 1 49 1 49 1 49 1 49 1 49 1 49 1 49 1
9c 41 b0 41 49 1 49 1 49 1 e4 41 49 71 61 41 75 41 89 41 49 71 61 41 75 41 89 41 49 71 49 1 ee 41 49 1 49 1 49 1 49 1 49 1 49 1 49 1 49 1 49 1 49 1 49 1 49 1 49 1 49 1 49 1
9b 41 af 41 49 1 49 1 49 1 e3 41 49 71 60 41 74 41 88 41 49 71 60 41 74 41 88 41 49 71 49 1 ed 41 49 1 49 1 49 1 49 1 49 1 49 1 49 1 49 1 49 1 49 1 49 1 49 1 49 1 49 1 49 1
9a 41 ae 41 49 1 49 1 49 1 e2 41 49 71 5f 41 73 41 87 41 49 71 5f 41 73 41 87 41 49 71 49 1 ec 41 49 1 49 1 49 1 49 1 49 1 49 1 49 1 49 1 49 1 49 1 49 1 49 1 49 1 49 1 49 1
99 41 ad 41 49 1 49 1 49 1 e1 41 49 71 5e 41 72 41 86 41 49 71 5e 41 72 41 86 41 49 71 49 1 eb 41 49 1 49 1 49 1 49 1 49 1 49 1 49 1 49 1 49 1 49 1 49 1 49 1 49 1 49 1 49 1
98 41 ac 41 49 1 49 1 49 1 e0 41 49 71 49 71 49 71 49 71 49 71 49 71 49 71 49 71 49 71 49 1 ea 41 49 1 49 1 49 1 49 1 49 1 49 1 49 1 49 1 49 1 49 1 49 1 49 1 49 1 49 1 49 1
97 41 ab 41 49 1 49 1 49 1 49 1 49 1 49 1 49 1 49 1 49 1 49 1 49 1 49 1 49 1 49 1 49 1 49 1 49 1 49 1 49 1 49 1 49 1 49 1 49 1 49 1 49 1 49 1 49 1 49 1 49 1 49 1
96 41 aa 41 49 1 49 1 49 1 49 1 49 1 49 1 49 1 49 1 49 1 49 1 49 1 49 1 49 1 49 1 49 1 49 1 49 1 49 1 49 1 49 1 49 1 49 1 49 1 49 1 49 1 49 1 49 1 49 1 49 1 49 1
49 1 49 1 49 1 49 1 49 1 49 1 49 1 49 1 49 1 49 1 49 1 49 1 49 1 49 1 49 1 49 1 49 1 49 1 49 1 49 1 49 1 49 1 49 1 49 1 49 1 49 1 49 1 49 1 49 1 49 1 49 1 49 1
49 1 49 1 49 1 49 1 49 1 49 1 49 1 49 1 49 1 49 1 49 1 49 1 49 1 49 1 49 1 49 1 49 1 49 1 49 1 49 1 49 1 49 1 49 1 49 1 49 1 49 1 49 1 49 1 49 1 49 1 49 1 49 1
49 1 49 1 49 1 49 1 49 1 49 1 49 1 49 1 49 1 49 1 49 1 49 1 49 1 49 1 49 1 49 1 49 1 49 1 49 1 49 1 49 1 49 1 49 1 49 1 49 1 49 1 49 1 49 1 49 1 49 1 49 1 49 1
49 1 49 1 49 1 49 1 49 1 49 1 49 1 49 1 49 1 49 1 49 1 49 1 49 1 49 1 49 1 49 1 49 1 49 1 49 1 49 1 49 1 49 1 49 1 49 1 49 1 49 1 49 1 49 1 49 1 49 1 49 1 49 1
49 1 49 1 49 1 49 1 49 1 49 1 49 1 49 1 49 1 49 1 49 1 49 1 49 1 49 1 49 1 49 1 49 1 49 1 49 1 49 1 49 1 49 1 49 1 49 1 49 1 49 1 49 1 49 1 49 1 49 1 49 1 49 1
49 1 49 1 49 1 49 1 49 1 49 1 49 1 49 1 49 1 49 1 49 1 49 1 49 1 49 1 49 1 49 1 49 1 49 1 49 1 49 1 49 1 49 1 49 1 49 1 49 1 49 1 49 1 49 1 49 1 49 1 49 1 49 1
49 1 49 1 49 1 49 1 49 1 49 1 49 1 49 1 49 1 49 1 49 1 49 1 49 1 49 1 49 1 49 1 49 1 49 1 49 1 49 1 49 1 49 1 49 1 49 1 49 1 49 1 49 1 49 1 49 1 49 1 49 1 49 1
49 1 49 1 49 1 49 1 49 1 49 1 49 1 49 1 49 1 49 1 49 1 49 1 49 1 49 1 49 1 49 1 49 1 49 1 49 1 49 1 49 1 49 1 49 1 49 1 49 1 49 1 49 1 49 1 49 1 49 1 49 1 49 1
49 1 49 1 49 1 49 1 49 1 49 1 49 1 49 1 49 1 49 1 49 1 49 1 49 1 49 1 49 1 49 1 49 1 49 1 49 1 49 1 49 1 49 1 49 1 49 1 49 1 49 1 49 1 49 1 49 1 49 1 49 1 49 1
49 1 49 1 49 1 49 1 49 1 49 1 49 1 49 1 49 1 49 1 49 1 49 1 49 1 49 1 49 1 49 1 49 1 49 1 49 1 49 1 49 1 49 1 49 1 49 1 49 1 49 1 49 1 49 1 49 1 49 1 49 1 49 1
49 1 49 1 49 1 49 1 49 1 49 1 49 1 49 1 49 1 49 1 49 1 49 1 49 1 49 1 49 1 49 1 49 1 49 1 49 1 49 1 49 1 49 1 49 1 49 1 49 1 49 1 49 1 49 1 49 1 49 1 49 1 49 1
49 1 49 1 49 1 49 1 49 1 49 1 49 1 49 1 49 1 49 1 49 1 49 1 49 1 49 1 49 1 49 1 49 1 49 1 49 1 49 1 49 1 49 1 49 1 49 1 49 1 49 1 49 1 49 1 49 1 49 1 49 1 49 1
49 1 49 1 49 1 49 1 49 1 49 1 49 1 49 1 49 1 49 1 49 1 49 1 49 1 49 1 49 1 49 1 49 1 49 1 49 1 49 1 49 1 49 1 49 1 49 1 49 1 49 1 49 1 49 1 49 1 49 1 49 1 49 1
49 1 49 1 49 1 49 1 49 1 49 1 49 1 49 1 49 1 49 1 49 1 49 1 49 1 49 1 49 1 49 1 49 1 49 1 49 1 49 1 49 1 49 1 49 1 49 1 49 1 49 1 49 1 49 1 49 1 49 1 49 1 49 1
49 1 49 1 49 1 49 1 49 1 49 1 49 1 49 1 49 1 49 1 49 1 49 1 49 1 49 1 49 1 49 1 49 1 49 1 49 1 49 1 49 1 49 1 49 1 49 1 49 1 49 1 49 1 49 1 49 1 49 1 49 1 49 1
49 1 49 1 49 1 49 1 49 1 49 1 49 1 49 1 49 1 49 1 49 1 49 1 49 1 49 1 49 1 49 1 49 1 49 1 49 1 49 1 49 1 49 1 49 1 49 1 49 1 49 1 49 1 49 1 49 1 49 1 49 1 49 1
49 1 49 1 49 1 49 1 49 1 49 1 49 1 49 1 49 1 49 1 49 1 49 1 49 1 49 1 49 1 49 1 49 1 49 1 49 1 49 1 49 1 49 1 49 1 49 1 49 1 49 1 49 1 49 1 49 1 49 1 49 1 49 1
49 1 49 1 49 1 49 1 49 1 49 1 49 1 49 1 49 1 49 1 49 1 49 1 49 1 49 1 49 1 49 1 49 1 49 1 49 1 49 1 49 1 49 1 49 1 49 1 49 1 49 1 49 1 49 1 49 1 49 1 49 1 49 1
51 92 56 92 4d 92 4d 92 4d 92 6f 92 77 92 7d 92 51 92 56 92 4d 92 4d 92 4d 92 6f 92 77 92 7d 92 51 92 56 92 4d 92 4d 92 4d 92 6f 92 77 92 7d 92 51 92 56 92 4d 92 4d 92 4d 92 6f 92 77 92 7d 92
50 92 55 92 5c 92 61 92 67 92 6e 92 76 92 7c 92 50 92 55 92 5c 92 61 92 67 92 6e 92 76 92 7c 92 50 92 55 92 5c 92 61 92 67 92 6e 92 76 92 7c 92 50 92 55 92 5c 92 61 92 67 92 6e 92 76 92 7c 92
4f 92 54 92 5b 92 60 92 66 92 6d 92 75 92 7b 92 4f 92 54 92 5b 92 60 92 66 92 6d 92 75 92 7b 92 4f 92 54 92 5b 92 60 92 66 92 6d 92 75 92 7b 92 4f 92 54 92 5b 92 60 92 66 92 6d 92 75 92 7b 92
4e 92 53 92 5a 92 5f 92 65 92 6c 92 74 92 7a 92 4e 92 53 92 5a 92 5f 92 65 92 6c 92 74 92 7a 92 4e 92 53 92 5a 92 5f 92 65 92 6c 92 74 92 7a 92 4e 92 53 92 5a 92 5f 92 65 92 6c 92 74 92 7a 92
4d 92 4e 92 59 92 5e 92 64 92 6b 92 73 92 4d 92 4d 92 4e 92 59 92 5e 92 64 92 6b 92 73 92 4d 92 4d 92 4e 92 59 92 5e 92 64 92 6b 92 73 92 4d 92 4d 92 4e 92 59 92 5e 92 64 92 6b 92 73 92 4d 92
4d 92 4d 92 58 92 5d 92 63 92 6a 92 72 92 4d 92 4d 92 4d 92 58 92 5d 92 63 92 6a 92 72 92 4d 92 4d 92 4d 92 58 92 5d 92 63 92 6a 92 72 92 4d 92 4d 92 4d 92 58 92 5d 92 63 92 6a 92 72 92 4d 92
4d 92 52 92 57 92 4e 92 62 92 69 92 71 92 79 92 4d 92 52 92 57 92 4e 92 62 92 69 92 71 92 79 92 4d 92 52 92 57 92 4e 92 62 92 69 92 71 92 79 92 4d 92 52 92 57 92 4e 92 62 92 69 92 71 92 79 92
4d 92 4d 92 4d 92 4d 92 4e 92 68 92 70 92 78 92 4d 92 4d 92 4d 92 4d 92 4e 92 68 92 70 92 78 92 4d 92 4d 92 4d 92 4d 92 4e 92 68 92 70 92 78 92 4d 92 4d 92 4d 92 4d 92 4e 92 68 92 70 92 78 92
51 92 56 92 4d 92 4d 92 4d 92 6f 92 77 92 7d 92 51 92 56 92 4d 92 4d 92 4d 92 6f 92 77 92 7d 92 51 92 56 92 4d 92 4d 92 4d 92 6f 92 77 92 7d 92 51 92 56 92 4d 92 4d 92 4d 92 6f 92 77 92 7d 92
50 92 55 92 5c 92 61 92 67 92 6e 92 76 92 7c 92 50 92 55 92 5c 92 61 92 67 92 6e 92 76 92 7c 92 50 92 55 92 5c 92 61 92 67 92 6e 92 76 92 7c 92 50 92 55 92 5c 92 61 92 67 92 6e 92 76 92 7c 92
4f 92 54 92 5b 92 60 92 66 92 6d 92 75 92 7b 92 4f 92 54 92 5b 92 60 92 66 92 6d 92 75 92 7b 92 4f 92 54 92 5b 92 60 92 66 92 6d 92 75 92 7b 92 4f 92 54 92 5b 92 60 92 66 92 6d 92 75 92 7b 92
4e 92 53 92 5a 92 5f 92 65 92 6c 92 74 92 7a 92 4e 92 53 92 5a 92 5f 92 65 92 6c 92 74 92 7a 92 4e 92 53 92 5a 92 5f 92 65 92 6c 92 74 92 7a 92 4e 92 53 92 5a 92 5f 92 65 92 6c 92 74 92 7a 92
4d 92 4e 92 59 92 5e 92 64 92 6b 92 73 92 4d 92 4d 92 4e 92 59 92 5e 92 64 92 6b 92 73 92 4d 92 4d 92 4e 92 59 92 5e 92 64 92 6b 92 73 92 4d 92 4d 92 4e 92 59 92 5e 92 64 92 6b 92 73 92 4d 92
4d 92 4d 92 58 92 5d 92 63 92 6a 92 72 92 4d 92 4d 92 4d 92 58 92 5d 92 63 92 6a 92 72 92 4d 92 4d 92 4d 92 58 92 5d 92 63 92 6a 92 72 92 4d 92 4d 92 4d 92 58 92 5d 92 63 92 6a 92 72 92 4d 92
4d 92 52 92 57 92 4e 92 62 92 69 92 71 92 79 92 4d 92 52 92 57 92 4e 92 62 92 69 92 71 92 79 92 4d 92 52 92 57 92 4e 92 62 92 69 92 71 92 79 92 4d 92 52 92 57 92 4e 92 62 92 69 92 71 92 79 92
4d 92 4d 92 4d 92 4d 92 4e 92 68 92 70 92 78 92 4d 92 4d 92 4d 92 4d 92 4e 92 68 92 70 92 78 92 4d 92 4d 92 4d 92 4d 92 4e 92 68 92 70 92 78 92 4d 92 4d 92 4d 92 4d 92 4e 92 68 92 70 92 78 92
51 92 56 92 4d 92 4d 92 4d 92 6f 92 77 92 7d 92 51 92 56 92 4d 92 4d 92 4d 92 6f 92 77 92 7d 92 51 92 56 92 4d 92 4d 92 4d 92 6f 92 77 92 7d 92 51 92 56 92 4d 92 4d 92 4d 92 6f 92 77 92 7d 92
50 92 55 92 5c 92 61 92 67 92 6e 92 76 92 7c 92 50 92 55 92 5c 92 61 92 67 92 6e 92 76 92 7c 92 50 92 55 92 5c 92 61 92 67 92 6e 92 76 92 7c 92 50 92 55 92 5c 92 61 92 67 92 6e 92 76 92 7c 92
4f 92 54 92 5b 92 60 92 66 92 6d 92 75 92 7b 92 4f 92 54 92 5b 92 60 92 66 92 6d 92 75 92 7b 92 4f 92 54 92 5b 92 60 92 66 92 6d 92 75 92 7b 92 4f 92 54 92 5b 92 60 92 66 92 6d 92 75 92 7b 92
4e 92 53 92 5a 92 5f 92 65 92 6c 92 74 92 7a 92 4e 92 53 92 5a 92 5f 92 65 92 6c 92 74 92 7a 92 4e 92 53 92 5a 92 5f 92 65 92 6c 92 74 92 7a 92 4e 92 53 92 5a 92 5f 92 65 92 6c 92 74 92 7a 92
4d 92 4e 92 59 92 5e 92 64 92 6b 92 73 92 4d 92 4d 92 4e 92 59 92 5e 92 64 92 6b 92 73 92 4d 92 4d 92 4e 92 59 92 5e 92 64 92 6b 92 73 92 4d 92 4d 92 4e 92 59 92 5e 92 64 92 6b 92 73 92 4d 92
4d 92 4d 92 58 92 5d 92 63 92 6a 92 72 92 4d 92 4d 92 4d 92 58 92 5d 92 63 92 6a 92 72 92 4d 92 4d 92 4d 92 58 92 5d 92 63 92 6a 92 72 92 4d 92 4d 92 4d 92 58 92 5d 92 63 92 6a 92 72 92 4d 92
4d 92 52 92 57 92 4e 92 62 92 69 92 71 92 79 92 4d 92 52 92 57 92 4e 92 62 92 69 92 71 92 79 92 4d 92 52 92 57 92 4e 92 62 92 69 92 71 92 79 92 4d 92 52 92 57 92 4e 92 62 92 69 92 71 92 79 92
4d 92 4d 92 4d 92 4d 92 4e 92 68 92 70 92 78 92 4d 92 4d 92 4d 92 4d 92 4e 92 68 92 70 92 78 92 4d 92 4d 92 4d 92 4d 92 4e 92 68 92 70 92 78 92 4d 92 4d 92 4d 92 4d 92 4e 92 68 92 70 92 78 92
51 92 56 92 4d 92 4d 92 4d 92 6f 92 77 92 7d 92 51 92 56 92 4d 92 4d 92 4d 92 6f 92 77 92 7d 92 51 92 56 92 4d 92 4d 92 4d 92 6f 92 77 92 7d 92 51 92 56 92 4d 92 4d 92 4d 92 6f 92 77 92 7d 92
50 92 55 92 5c 92 61 92 67 92 6e 92 76 92 7c 92 50 92 55 92 5c 92 61 92 67 92 6e 92 76 92 7c 92 50 92 55 92 5c 92 61 92 67 92 6e 92 76 92 7c 92 50 92 55 92 5c 92 61 92 67 92 6e 92 76 92 7c 92
4f 92 54 92 5b 92 60 92 66 92 6d 92 75 92 7b 92 4f 92 54 92 5b 92 60 92 66 92 6d 92 75 92 7b 92 4f 92 54 92 5b 92 60 92 66 92 6d 92 75 92 7b 92 4f 92 54 92 5b 92 60 92 66 92 6d 92 75 92 7b 92
4e 92 53 92 5a 92 5f 92 65 92 6c 92 74 92 7a 92 4e 92 53 92 5a 92 5f 92 65 92 6c 92 74 92 7a 92 4e 92 53 92 5a 92 5f 92 65 92 6c 92 74 92 7a 92 4e 92 53 92 5a 92 5f 92 65 92 6c 92 74 92 7a 92
4d 92 4e 92 59 92 5e 92 64 92 6b 92 73 92 4d 92 4d 92 4e 92 59 92 5e 92 64 92 6b 92 73 92 4d 92 4d 92 4e 92 59 92 5e 92 64 92 6b 92 73 92 4d 92 4d 92 4e 92 59 92 5e 92 64 92 6b 92 73 92 4d 92
4d 92 4d 92 58 92 5d 92 63 92 6a 92 72 92 4d 92 4d 92 4d 92 58 92 5d 92 63 92 6a 92 72 92 4d 92 4d 92 4d 92 58 92 5d 92 63 92 6a 92 72 92 4d 92 4d 92 4d 92 58 92 5d 92 63 92 6a 92 72 92 4d 92
4d 92 52 92 57 92 4e 92 62 92 69 92 71 92 79 92 4d 92 52 92 57 92 4e 92 62 92 69 92 71 92 79 92 4d 92 52 92 57 92 4e 92 62 92 69 92 71 92 79 92 4d 92 52 92 57 92 4e 92 62 92 69 92 71 92 79 92
4d 92 4d 92 4d 92 4d 92 4e 92 68 92 70 92 78 92 4d 92 4d 92 4d 92 4d 92 4e 92 68 92 70 92 78 92 4d 92 4d 92 4d 92 4d 92 4e 92 68 92 70 92 78 92 4d 92 4d 92 4d 92 4d 92 4e 92 68 92 70 92 78 92
m_sprite_attribute_table.b[] 256 1
47 18 2 20 3f 18 2 43 37 18 2 52 2f 18 2 45 27 18 2 44 1f 18 2 49 17 18 2 54 f 18 2 20 7 18 2 1 ff 18 3 20 2f 9f 64 a6 3f 9f 64 a5 4f 9f 64 a4 5f 9f 64 a3 6f 9f 64 a2 7f 9f 64 a1
8f 9f 64 a0 9f 9f 64 9f 2f 7f 68 46 4f 7f 68 45 6f 7f 68 44 8f 7f 68 43 1f 70 14 84 2f 70 14 83 3f 70 14 82 4f 70 14 81 5f 70 14 80 6f 70 14 7f 7f 70 14 7e 8f 70 14 7d 9f 70 14 7c af 70 14 7b
1f 50 18 35 3f 50 18 34 5f 50 18 33 7f 50 18 32 9f 50 18 31 0 0 1 0 0 0 1 0 0 0 1 0 0 0 1 0 0 0 1 0 0 0 1 0 0 0 1 0 0 0 1 0 0 0 1 0 0 0 1 0 0 0 1 0
0 0 1 0 0 0 1 0 0 0 1 0 0 0 1 0 0 0 1 0 0 0 1 0 0 0 1 0 0 0 1 0 0 0 1 0 0 0 1 0 0 0 1 0 0 0 1 0 0 0 1 0 0 0 1 0 0 0 1 0 0 0 1 0
m_scroll_data_table[] 512 1
0 0 0 0 0 0 0 0 0 0 0 0 0 0 c0 0 c0 0 c0 0 0 0 0 0 0 0 0 0 0 0 0 0 0 0 0 0 0 0 0 0 0 0 0 0 0 0 0 0 0 0 0 0 0 0 0 0 0 0 0 0 0 0 0 0
0 0 0 0 0 0 0 0 0 0 0 0 0 0 0 0 0 0 0 0 0 0 0 0 0 0 0 0 0 0 0 0 0 0 0 0 0 0 0 0 0 0 0 0 0 0 0 0 0 0 0 0 0 0 0 0 0 0 0 0 0 0 0 0
0 0 0 0 0 0 0 0 0 0 0 0 0 0 0 0 0 0 0 0 0 0 0 0 0 0 0 0 0 0 0 0 0 0 0 0 0 0 0 0 0 0 0 0 0 0 0 0 0 0 0 0 0 0 0 0 0 0 0 0 0 0 0 0
0 0 0 0 0 0 0 0 0 0 0 0 0 0 0 0 0 0 0 0 0 0 0 0 0 0 0 0 0 0 0 0 0 0 0 0 0 0 0 0 0 0 0 0 0 0 0 0 0 0 0 0 0 0 0 0 0 0 0 0 0 0 0 0
46 fe 46 fe 46 fe 46 fe 46 fe 46 fe 46 fe 46 fe 46 fe 46 fe 46 fe 46 fe 46 fe 46 fe 46 fe 46 fe 46 fe 46 fe 46 fe 46 fe 46 fe 46 fe 46 fe 46 fe 46 fe 46 fe 46 fe 46 fe 46 fe 46 fe 46 fe 46 fe
46 fe 46 fe 46 fe 46 fe 46 fe 46 fe 46 fe 46 fe 46 fe 46 fe 46 fe 46 fe 46 fe 46 fe 46 fe 46 fe 46 fe 46 fe 46 fe 46 fe 46 fe 46 fe 46 fe 46 fe 46 fe 46 fe 46 fe 46 fe 46 fe 46 fe 46 fe 46 fe
ba 1 0 0 0 0 0 0 0 0 0 0 0 0 0 0 0 0 0 0 0 0 0 0 0 0 0 0 0 0 0 0 0 0 0 0 0 0 0 0 0 0 0 0 0 0 0 0 0 0 0 0 0 0 0 0 0 0 0 0 0 0 0 0
0 0 0 0 0 0 0 0 0 0 0 0 0 0 0 0 0 0 0 0 0 0 0 0 0 0 0 0 0 0 0 0 0 0 0 0 0 0 0 0 0 0 0 0 0 0 0 0 0 0 0 0 0 0 0 0 0 0 0 0 0 0 0 0
m_colour_palette[] 768 1
0 0 0 3f 3f 3f 0 0 0 18 18 18 3f 0 0 3f 3f 0 0 0 0 3f 3f 3f 0 3f 0 0 0 3f 3f 3f 0 3f 0 3f 0 0 3f 3f 0 0 0 3f 0 0 19 0 0 0 0 0 0 0 0 0 0 0 0 0 0 0 0 0
0 0 0 0 0 0 0 0 0 0 0 0 0 0 0 0 0 0 0 0 0 0 0 0 0 0 0 0 0 0 0 0 0 0 0 0 0 0 0 0 0 0 0 0 0 0 0 0 0 0 0 0 0 0 0 0 0 0 0 0 0 0 0 0
0 0 0 0 0 0 0 0 0 0 0 0 0 0 0 0 0 0 0 0 0 0 0 0 0 0 0 0 0 0 0 0 0 0 0 0 0 0 0 0 0 0 0 0 0 0 0 0 0 0 0 0 0 0 0 0 0 0 0 0 0 0 0 0
0 0 0 0 0 0 0 0 0 0 0 0 0 0 0 0 0 0 0 0 0 0 0 0 0 0 0 0 0 0 0 0 0 0 0 0 0 0 0 0 0 0 0 0 0 0 0 0 0 0 0 0 0 0 0 0 0 0 0 0 0 0 0 0
0 0 0 0 0 0 0 0 0 0 0 0 0 0 0 0 0 0 0 0 0 0 0 0 0 0 0 0 0 0 0 0 0 0 0 0 0 0 0 0 0 0 0 0 0 0 0 0 0 0 0 0 0 0 0 0 0 0 0 0 0 0 0 0
0 0 0 0 0 0 0 0 0 0 0 0 0 0 0 0 0 0 0 3f 0 0 3f 0 0 3f 0 0 3f 0 0 3f 0 0 3f 0 0 3f 0 0 3f 0 0 3f 0 0 3f 0 0 3f 0 0 3f 0 0 3f 0 0 3f 0 0 3f 0 0
0 0 0 0 0 0 0 0 0 0 0 0 0 0 0 0 0 0 0 0 0 0 0 0 0 0 0 0 0 0 0 0 0 0 0 0 0 0 0 0 0 0 0 0 0 0 0 0 0 0 0 0 0 0 0 0 0 0 0 0 0 0 0 0
0 0 0 0 0 0 0 0 0 0 0 0 0 0 0 0 0 0 0 0 0 0 0 0 0 0 0 0 0 0 0 0 0 0 0 0 0 0 0 0 0 0 0 0 0 0 0 0 0 0 0 0 0 0 0 0 0 0 0 0 0 0 0 0
0 0 0 0 0 0 0 0 0 0 0 0 0 0 0 0 0 0 0 0 0 0 0 0 0 0 0 0 0 0 0 0 0 0 0 0 0 0 0 0 0 0 0 0 0 0 0 0 0 0 0 0 0 0 0 0 0 0 0 0 0 0 0 0
3f 0 3f 3f 0 3f 3f 0 3f 3f 0 3f 3f 0 3f 3f 0 3f 3f 0 3f 3f 0 3f 3f 0 3f 3f 0 3f 3f 0 3f 3f 0 3f 3f 0 3f 3f 0 3f 3f 0 3f 3f 0 3f 3f 0 3f 3f 0 3f 3f 0 3f 3f 0 3f 3f 0 3f 3f
0 3f 3f 0 3f 3f 0 3f 3f 0 3f 3f 0 3f 3f 0 3f 3f 0 3f 3f 0 3f 3f 0 3f 3f 0 3f 3f 0 3f 3f 0 3f 3f 0 3f 3f 0 3f 3f 0 3f 3f 0 3f 3f 0 3f 3f 0 3f 3f 0 3f 3f 0 3f 3f 0 3f 3f 0
3f 3f 0 3f 3f 0 3f 3f 0 3f 3f 0 3f 3f 0 3f 3f 0 3f 3f 0 3f 3f 0 3f 3f 0 3f 3f 0 3f 3f 0 3f 3f 0 3f 3f 0 3f 3f 0 3f 3f 0 3f 3f 0 3f 3f 0 3f 3f 0 3f 3f 0 3f 3f 0 3f d 1f 3f
m_base_addr[] 16 4
0 0 0 0 0 0 0 0 0 0 0 0 0 0 0 0
