frame 3800
m_md 1
m_page_x 20
m_page_y 20
m_page_size 0
m_pattern_size 1
m_bits16 1
m_pny_shift 5
m_na8_mask f
m_base_y_shift 2
m_h_div_size 0
m_v_div_size 0
m_col_shift 8
m_flip 0
m_zron 0
m_dspe 1
m_dckm 0
m_h_display_size 0
m_v_display_size 0
m_roz_wrap_disable 0
m_scroll_wrap_disable 0
m_planeA_trans_enable 1
m_planeB_trans_enable 0
m_priority_mode 1
m_cbdr 0
m_yse 0
m_scm 0
m_planeA_color_fetch 0
m_planeB_color_fetch 0
m_sprite_color_fetch 0
m_mosaic_aplane 0
m_mosaic_bplane 0
m_sprite_disable 0
m_sprite_aux_mode 1
m_sprite_aux_reg 0
m_border_color 0
m_sprite_bank 70
m_namcond1_gfxbank 0
m_vblank_irq_mask 1
m_raster_irq_mask 0
m_raster_irq_hpos 0
m_raster_irq_vpos 0
m_raster_irq_mode 0
m_ax 0
m_ay 0
m_dx 0
m_dy 0
m_dxy 0
m_dyx 0
m_raw_ax 0
m_raw_ay 0
m_raw_dx 0
m_raw_dy 0
m_raw_dxy 0
m_raw_dyx 0
m_crtc.htotal 324
m_crtc.vtotal 105
m_crtc.display_hstart 6c
m_crtc.display_vstart 1a
m_crtc.display_width 240
m_crtc.display_height e0
m_crtc.display_hsync 30
m_crtc.display_vsync 3
m_crtc.border_width 20
m_crtc.border_height 0
m_screen_status 10
m_ba_plane_scroll_select 1
m_plane_select_access 0
m_xtile_ptr 0
m_ytile_ptr e
m_pattern_name_table[] 4096 1
78 0 78 0 78 0 78 0 78 0 78 0 78 0 78 0 78 0 78 0 78 0 78 0 b0 0 b0 0 b0 0 78 0 78 0 78 0 78 0 78 0 78 0 78 0 78 0 78 0 78 0 78 0 78 0 78 0 78 0 78 0 78 0 78 0
8b f0 78 0 78 0 78 0 78 0 78 0 78 0 78 0 78 0 78 0 78 0 78 0 b0 0 b0 0 b0 0 78 0 78 0 78 0 78 0 78 0 78 0 78 0 78 0 78 0 78 0 78 0 78 0 78 0 78 0 78 0 78 0 78 0
8a f0 a f0 78 0 78 0 78 0 78 0 78 0 78 0 78 0 78 0 78 0 78 0 b0 0 b0 0 b0 0 78 0 78 0 78 0 78 0 78 0 78 0 78 0 78 0 78 0 78 0 78 0 78 0 78 0 78 0 78 0 78 0 78 0
89 f0 78 0 78 0 78 0 78 0 78 0 78 0 78 0 78 0 78 0 78 0 78 0 b0 0 b0 0 b3 f0 78 0 78 0 78 0 78 0 78 0 78 0 78 0 78 0 78 0 78 0 78 0 78 0 78 0 78 0 78 0 78 0 78 0
88 f0 78 0 78 0 78 0 78 0 78 0 78 0 78 0 78 0 78 0 78 0 78 0 51 f1 b0 0 4b f1 78 0 78 0 78 0 78 0 78 0 78 0 78 0 78 0 78 0 78 0 78 0 78 0 78 0 78 0 78 0 78 0 78 0
78 0 a f0 78 0 78 0 78 0 78 0 78 0 78 0 78 0 78 0 78 0 1 d0 50 f1 55 f1 4a f1 78 0 78 0 78 0 78 0 78 0 78 0 78 0 78 0 78 0 78 0 78 0 78 0 78 0 78 0 78 0 78 0 78 0
7e e0 14 f0 78 0 78 0 78 0 78 0 78 0 78 0 78 0 78 0 78 0 a5 d0 4f f1 54 f1 45 f1 78 0 78 0 78 0 78 0 78 0 78 0 78 0 78 0 78 0 78 0 78 0 78 0 78 0 78 0 78 0 78 0 78 0
7d e0 3c f0 78 0 78 0 78 0 78 0 78 0 78 0 78 0 78 0 78 0 a4 d0 4e f1 53 f1 49 f1 78 0 78 0 78 0 78 0 78 0 78 0 78 0 78 0 78 0 78 0 78 0 78 0 78 0 78 0 78 0 78 0 78 0
78 0 78 0 78 0 78 0 78 0 78 0 78 0 78 0 78 0 78 0 78 0 a3 d0 4d f1 52 f1 48 f1 78 0 78 0 78 0 78 0 78 0 78 0 78 0 78 0 78 0 78 0 78 0 78 0 78 0 78 0 78 0 78 0 78 0
78 0 78 0 78 0 78 0 78 0 78 0 78 0 78 0 78 0 78 0 78 0 78 0 4c f1 b0 0 47 f1 78 0 78 0 78 0 78 c0 78 0 78 0 78 0 78 0 78 0 78 0 78 0 78 0 78 0 78 0 78 0 78 0 78 0
78 0 14 f0 78 0 78 0 78 0 78 0 78 0 78 0 78 0 78 0 78 0 78 0 b0 0 b0 0 b f0 78 0 78 0 78 0 78 c0 78 0 78 0 78 0 78 0 78 0 78 0 78 0 78 0 78 0 78 0 78 0 78 0 78 0
7a f0 5 f0 78 0 78 0 78 0 78 0 78 0 78 0 78 0 78 0 78 0 78 0 b0 0 b0 0 b0 0 78 0 78 0 78 0 78 c0 78 0 78 0 78 0 78 0 78 0 78 0 78 0 78 0 78 0 78 0 78 0 78 0 78 0
79 f0 78 0 78 0 78 0 78 0 78 0 78 0 78 0 78 0 78 0 78 0 78 0 b0 0 b0 0 b0 0 78 0 78 0 78 0 78 c0 78 0 78 0 78 0 78 0 78 0 78 0 78 0 78 0 78 0 78 0 78 0 78 0 78 0
78 0 78 0 78 0 78 0 78 0 78 0 78 0 78 0 78 0 78 0 78 0 78 0 b0 0 b0 0 b0 0 78 0 78 0 78 0 7b c0 78 0 78 0 78 0 78 0 78 0 78 0 78 0 78 0 78 0 78 0 78 0 78 0 78 0
78 0 78 0 78 0 78 0 78 0 78 0 78 0 78 0 78 0 78 0 78 0 78 0 78 0 78 0 78 0 78 0 78 0 78 0 78 0 78 0 78 0 78 0 78 0 78 0 78 0 78 0 78 0 78 0 78 0 78 0 78 0 78 0
78 0 78 0 78 0 78 0 78 0 78 0 78 0 78 0 78 0 78 0 78 0 78 0 78 0 78 0 78 0 78 0 78 0 78 0 78 0 78 0 78 0 78 0 78 0 78 0 78 0 78 0 78 0 78 0 78 0 78 0 78 0 78 0
78 0 78 0 78 0 78 0 78 0 78 0 78 0 78 0 78 0 78 0 78 0 78 0 78 0 78 0 78 0 78 0 78 0 78 0 78 0 78 0 78 0 78 0 78 0 78 0 78 0 78 0 78 0 78 0 78 0 78 0 78 0 78 0
78 0 78 0 78 0 78 0 78 0 78 0 78 0 78 0 78 0 78 0 78 0 78 0 78 0 78 0 78 0 78 0 78 0 78 0 78 0 78 0 78 0 78 0 78 0 78 0 78 0 78 0 78 0 78 0 78 0 78 0 78 0 78 0
78 0 78 0 78 0 78 0 78 0 78 0 78 0 78 0 78 0 78 0 78 0 78 0 78 0 78 0 78 0 78 0 78 0 78 0 78 0 78 0 78 0 78 0 78 0 78 0 78 0 78 0 78 0 78 0 78 0 78 0 78 0 78 0
78 0 78 0 78 0 78 0 78 0 78 0 78 0 78 0 78 0 78 0 78 0 78 0 78 0 78 0 78 0 78 0 78 0 78 0 78 0 78 0 78 0 78 0 78 0 78 0 78 0 78 0 78 0 78 0 78 0 78 0 78 0 78 0
78 0 78 0 78 0 78 0 78 0 78 0 78 0 78 0 78 0 78 0 78 0 78 0 78 0 78 0 78 0 78 0 78 0 78 0 78 0 78 0 78 0 78 0 78 0 78 0 78 0 78 0 78 0 78 0 78 0 78 0 78 0 78 0
78 0 78 0 78 0 78 0 78 0 78 0 78 0 78 0 78 0 78 0 78 0 78 0 78 0 78 0 78 0 78 0 78 0 78 0 78 0 78 0 78 0 78 0 78 0 78 0 78 0 78 0 78 0 78 0 78 0 78 0 78 0 78 0
78 0 78 0 78 0 78 0 78 0 78 0 78 0 78 0 78 0 78 0 78 0 78 0 78 0 78 0 78 0 78 0 78 0 78 0 78 0 78 0 78 0 78 0 78 0 78 0 78 0 78 0 78 0 78 0 78 0 78 0 78 0 78 0
78 0 78 0 78 0 78 0 78 0 78 0 78 0 78 0 78 0 78 0 78 0 78 0 78 0 78 0 78 0 78 0 78 0 78 0 78 0 78 0 78 0 78 0 78 0 78 0 78 0 78 0 78 0 78 0 78 0 78 0 78 0 78 0
78 0 78 0 78 0 78 0 78 0 78 0 78 0 78 0 78 0 78 0 78 0 78 0 78 0 78 0 78 0 78 0 78 0 78 0 78 0 78 0 78 0 78 0 78 0 78 0 78 0 78 0 78 0 78 0 78 0 78 0 78 0 78 0
78 0 78 0 78 0 78 0 78 0 78 0 78 0 78 0 78 0 78 0 78 0 78 0 78 0 78 0 78 0 78 0 78 0 78 0 78 0 78 0 78 0 78 0 78 0 78 0 78 0 78 0 78 0 78 0 78 0 78 0 78 0 78 0
78 0 78 0 78 0 78 0 78 0 78 0 78 0 78 0 78 0 78 0 78 0 78 0 78 0 78 0 78 0 78 0 78 0 78 0 78 0 78 0 78 0 78 0 78 0 78 0 78 0 78 0 78 0 78 0 78 0 78 0 78 0 78 0
78 0 78 0 78 0 78 0 78 0 78 0 78 0 78 0 78 0 78 0 78 0 78 0 78 0 78 0 78 0 78 0 78 0 78 0 78 0 78 0 78 0 78 0 78 0 78 0 78 0 78 0 78 0 78 0 78 0 78 0 78 0 78 0
78 0 78 0 78 0 78 0 78 0 78 0 78 0 78 0 78 0 78 0 78 0 78 0 78 0 78 0 78 0 78 0 78 0 78 0 78 0 78 0 78 0 78 0 78 0 78 0 78 0 78 0 78 0 78 0 78 0 78 0 78 0 78 0
78 0 78 0 78 0 78 0 78 0 78 0 78 0 78 0 78 0 78 0 78 0 78 0 78 0 78 0 78 0 78 0 78 0 78 0 78 0 78 0 78 0 78 0 78 0 78 0 78 0 78 0 78 0 78 0 78 0 78 0 78 0 78 0
78 0 78 0 78 0 78 0 78 0 78 0 78 0 78 0 78 0 78 0 78 0 78 0 78 0 78 0 78 0 78 0 78 0 78 0 78 0 78 0 78 0 78 0 78 0 78 0 78 0 78 0 78 0 78 0 78 0 78 0 78 0 78 0
78 0 78 0 78 0 78 0 78 0 78 0 78 0 78 0 78 0 78 0 78 0 78 0 78 0 78 0 78 0 78 0 78 0 78 0 78 0 78 0 78 0 78 0 78 0 78 0 78 0 78 0 78 0 78 0 78 0 78 0 78 0 78 0
40 4 41 4 42 4 41 4 40 4 43 4 40 4 40 4 41 4 40 4 44 4 45 4 41 4 44 4 45 4 41 4 45 4 40 4 46 4 47 4 44 4 48 4 49 4 40 4 44 4 41 4 41 4 49 4 4a 4 40 4 4a 4 d 7
41 4 43 4 40 4 48 4 48 4 4a 4 4a 4 40 4 40 4 4b 4 4c 4 49 4 40 4 45 4 40 4 41 4 49 4 40 4 4a 4 42 4 45 4 42 4 48 4 41 4 41 4 45 4 41 4 44 4 45 4 4d 4 48 4 3 7
40 4 49 4 40 4 41 4 4a 4 41 4 4e 4 4f 4 4c 4 4c 4 49 4 50 4 49 4 49 4 51 4 52 4 4a 4 49 4 4a 4 4a 4 4a 4 49 4 4a 4 4a 4 45 4 41 4 40 4 45 4 45 4 4a 4 45 4 10 7
45 4 4a 4 45 4 40 4 45 4 53 4 46 4 54 4 55 4 40 4 43 4 41 4 40 4 43 4 56 4 57 4 4c 4 4a 4 44 4 49 4 4b 4 4a 4 49 4 4a 4 41 4 44 4 49 4 49 4 48 4 40 4 41 4 1 7
41 4 45 4 41 4 40 4 4e 4 4f 4 41 4 58 4 59 4 43 4 4a 4 41 4 43 4 4a 4 51 4 56 4 4a 4 44 4 44 4 45 4 41 4 44 4 41 4 45 4 41 4 40 4 5a 4 57 4 45 4 41 4 5b 4 d 7
4b 4 4c 4 41 4 5c 4 46 4 5d 4 5e 4 5f 4 60 4 4c 4 49 4 4a 4 41 4 41 4 5a 4 61 4 44 4 4c 4 4c 4 49 4 40 4 45 4 4b 4 4c 4 41 4 5c 4 51 4 62 4 43 4 49 4 40 4 2 7
4c 4 40 4 5c 4 42 4 5c 4 63 4 64 4 65 4 66 4 49 4 4a 4 45 4 44 4 40 4 61 4 67 4 44 4 4a 4 49 4 45 4 45 4 41 4 4c 4 40 4 5c 4 42 4 4a 4 49 4 4a 4 44 4 68 4 d 7
40 4 41 4 40 4 41 4 49 4 69 4 65 4 41 4 40 4 4b 4 4a 4 40 4 45 4 4a 4 6a 4 62 4 49 4 45 4 4c 4 4a 4 41 4 44 4 40 4 41 4 40 4 41 4 41 4 45 4 41 4 40 4 51 4 10 7
4a 4 40 4 42 4 40 4 45 4 4a 4 45 4 41 4 40 4 40 4 4b 4 42 4 4b 4 40 4 44 4 45 4 41 4 44 4 49 4 45 4 4a 4 4a 4 68 4 51 4 5a 4 57 4 4b 4 45 4 4a 4 45 4 45 4 3 7
40 4 4d 4 6b 4 6c 4 48 4 40 4 41 4 44 4 6d 4 4d 4 6e 4 49 4 40 4 41 4 4c 4 49 4 40 4 45 4 4c 4 4a 4 44 4 4a 4 51 4 51 4 51 4 62 4 4c 4 48 4 40 4 41 4 41 4 1 7
40 4 46 4 47 4 46 4 45 4 41 4 5b 4 49 4 40 4 6f 4 44 4 41 4 41 4 49 4 44 4 41 4 41 4 49 4 51 4 40 4 42 4 40 4 45 4 4a 4 45 4 41 4 40 4 45 4 41 4 5b 4 49 4 2 7
41 4 49 4 45 4 43 4 43 4 49 4 40 4 5c 4 5f 4 59 4 41 4 45 4 41 4 44 4 41 4 45 4 41 4 44 4 51 4 4d 4 6b 4 6c 4 48 4 40 4 41 4 44 4 70 4 43 4 49 4 40 4 5c 4 d 7
44 4 48 4 49 4 4a 4 40 4 4a 4 43 4 5f 4 64 4 41 4 40 4 49 4 40 4 45 4 40 4 49 4 40 4 45 4 4a 4 46 4 47 4 46 4 45 4 41 4 5b 4 49 4 40 4 40 4 4b 4 42 4 4b 4 30 7
45 4 42 4 48 4 45 4 4d 4 48 4 43 4 69 4 40 4 40 4 49 4 50 4 49 4 49 4 49 4 50 4 49 4 49 4 49 4 49 4 45 4 43 4 43 4 49 4 40 4 5c 4 6d 4 4d 4 6e 4 49 4 40 4 0 7
78 0 78 0 78 0 78 0 78 0 78 0 78 0 78 0 78 0 78 0 78 0 78 0 78 0 78 0 78 0 78 0 78 0 78 0 78 0 78 0 78 0 78 0 78 0 78 0 78 0 78 0 78 0 78 0 78 0 78 0 78 0 78 0
78 0 78 0 78 0 78 0 78 0 78 0 78 0 78 0 78 0 78 0 78 0 78 0 78 0 78 0 78 0 78 0 78 0 78 0 78 0 78 0 78 0 78 0 78 0 78 0 78 0 78 0 78 0 78 0 78 0 78 0 78 0 78 0
78 0 78 0 78 0 78 0 78 0 78 0 78 0 78 0 78 0 78 0 78 0 78 0 78 0 78 0 78 0 78 0 78 0 78 0 78 0 78 0 78 0 78 0 78 0 78 0 78 0 78 0 78 0 78 0 78 0 78 0 78 0 78 0
78 0 78 0 78 0 78 0 78 0 78 0 78 0 78 0 78 0 78 0 78 0 78 0 78 0 78 0 78 0 78 0 78 0 78 0 78 0 78 0 78 0 78 0 78 0 78 0 78 0 78 0 78 0 78 0 78 0 78 0 78 0 78 0
78 0 78 0 78 0 78 0 78 0 78 0 78 0 78 0 78 0 78 0 78 0 78 0 78 0 78 0 78 0 78 0 78 0 78 0 78 0 78 0 78 0 78 0 78 0 78 0 78 0 78 0 78 0 78 0 78 0 78 0 78 0 78 0
78 0 78 0 78 0 78 0 78 0 78 0 78 0 78 0 78 0 78 0 78 0 78 0 78 0 78 0 78 0 78 0 78 0 78 0 78 0 78 0 78 0 78 0 78 0 78 0 78 0 78 0 78 0 78 0 78 0 78 0 78 0 78 0
78 0 78 0 78 0 78 0 78 0 78 0 78 0 78 0 78 0 78 0 78 0 78 0 78 0 78 0 78 0 78 0 78 0 78 0 78 0 78 0 78 0 78 0 78 0 78 0 78 0 78 0 78 0 78 0 78 0 78 0 78 0 78 0
78 0 78 0 78 0 78 0 78 0 78 0 78 0 78 0 78 0 78 0 78 0 78 0 78 0 78 0 78 0 78 0 78 0 78 0 78 0 78 0 78 0 78 0 78 0 78 0 78 0 78 0 78 0 78 0 78 0 78 0 78 0 78 0
78 0 78 0 78 0 78 0 78 0 78 0 78 0 78 0 78 0 78 0 78 0 78 0 78 0 78 0 78 0 78 0 78 0 78 0 78 0 78 0 78 0 78 0 78 0 78 0 78 0 78 0 78 0 78 0 78 0 78 0 78 0 78 0
78 0 78 0 78 0 78 0 78 0 78 0 78 0 78 0 78 0 78 0 78 0 78 0 78 0 78 0 78 0 78 0 78 0 78 0 78 0 78 0 78 0 78 0 78 0 78 0 78 0 78 0 78 0 78 0 78 0 78 0 78 0 78 0
78 0 78 0 78 0 78 0 78 0 78 0 78 0 78 0 78 0 78 0 78 0 78 0 78 0 78 0 78 0 78 0 78 0 78 0 78 0 78 0 78 0 78 0 78 0 78 0 78 0 78 0 78 0 78 0 78 0 78 0 78 0 78 0
78 0 78 0 78 0 78 0 78 0 78 0 78 0 78 0 78 0 78 0 78 0 78 0 78 0 78 0 78 0 78 0 78 0 78 0 78 0 78 0 78 0 78 0 78 0 78 0 78 0 78 0 78 0 78 0 78 0 78 0 78 0 78 0
78 0 78 0 78 0 78 0 78 0 78 0 78 0 78 0 78 0 78 0 78 0 78 0 78 0 78 0 78 0 78 0 78 0 78 0 78 0 78 0 78 0 78 0 78 0 78 0 78 0 78 0 78 0 78 0 78 0 78 0 78 0 78 0
78 0 78 0 78 0 78 0 78 0 78 0 78 0 78 0 78 0 78 0 78 0 78 0 78 0 78 0 78 0 78 0 78 0 78 0 78 0 78 0 78 0 78 0 78 0 78 0 78 0 78 0 78 0 78 0 78 0 78 0 78 0 78 0
78 0 78 0 78 0 78 0 78 0 78 0 78 0 78 0 78 0 78 0 78 0 78 0 78 0 78 0 78 0 78 0 78 0 78 0 78 0 78 0 78 0 78 0 78 0 78 0 78 0 78 0 78 0 78 0 78 0 78 0 78 0 78 0
78 0 78 0 78 0 78 0 78 0 78 0 78 0 78 0 78 0 78 0 78 0 78 0 78 0 78 0 78 0 78 0 78 0 78 0 78 0 78 0 78 0 78 0 78 0 78 0 78 0 78 0 78 0 78 0 78 0 78 0 78 0 78 0
78 0 78 0 78 0 78 0 78 0 78 0 78 0 78 0 78 0 78 0 78 0 78 0 78 0 78 0 78 0 78 0 78 0 78 0 78 0 78 0 78 0 78 0 78 0 78 0 78 0 78 0 78 0 78 0 78 0 78 0 78 0 78 0
78 0 78 0 78 0 78 0 78 0 78 0 78 0 78 0 78 0 78 0 78 0 78 0 78 0 78 0 78 0 78 0 78 0 78 0 78 0 78 0 78 0 78 0 78 0 78 0 78 0 78 0 78 0 78 0 78 0 78 0 78 0 78 0
m_sprite_attribute_table.b[] 256 1
67 19 c6 40 fb e2 7 60 0 0 1 0 0 0 1 0 0 0 1 0 0 0 1 0 0 0 1 0 0 0 1 0 0 0 1 0 0 0 1 0 0 0 1 0 0 0 1 0 0 0 1 0 0 0 1 0 0 0 1 0 0 0 1 0
0 0 1 0 0 0 1 0 0 0 1 0 0 0 1 0 0 0 1 0 0 0 1 0 0 0 1 0 0 0 1 0 0 0 1 0 0 0 1 0 0 0 1 0 0 0 1 0 0 0 1 0 0 0 1 0 0 0 1 0 0 0 1 0
0 0 1 0 0 0 1 0 0 0 1 0 0 0 1 0 0 0 1 0 0 0 1 0 0 0 1 0 0 0 1 0 0 0 1 0 0 0 1 0 0 0 1 0 0 0 1 0 0 0 1 0 0 0 1 0 0 0 1 0 0 0 1 0
0 0 1 0 0 0 1 0 0 0 1 0 0 0 1 0 0 0 1 0 0 0 1 0 0 0 1 0 0 0 1 0 0 0 1 0 0 0 1 0 0 0 1 0 0 0 1 0 0 0 1 0 0 0 1 0 0 0 1 0 0 0 1 0
m_scroll_data_table[] 512 1
0 0 0 0 0 0 0 0 0 0 0 0 0 0 0 0 0 0 0 0 0 0 0 0 0 0 0 0 0 0 0 0 0 0 0 0 0 0 0 0 0 0 0 0 0 0 0 0 0 0 0 0 0 0 0 0 0 0 0 0 0 0 0 0
0 0 0 0 0 0 0 0 0 0 0 0 0 0 0 0 0 0 0 0 0 0 0 0 0 0 0 0 0 0 0 0 0 0 0 0 0 0 0 0 0 0 0 0 0 0 0 0 0 0 0 0 0 0 0 0 0 0 0 0 0 0 0 0
8 0 0 0 0 0 0 0 0 0 0 0 0 0 0 0 0 0 0 0 0 0 0 0 0 0 0 0 0 0 0 0 0 0 0 0 0 0 0 0 0 0 0 0 0 0 0 0 0 0 0 0 0 0 0 0 0 0 0 0 0 0 0 0
10 10 10 10 10 10 10 10 10 10 10 10 10 10 10 10 10 10 10 10 10 10 10 10 10 10 10 10 10 10 10 10 0 0 0 0 0 0 0 0 0 0 0 0 0 0 0 0 0 0 0 0 0 0 0 0 0 0 0 0 0 0 0 0
0 0 0 0 0 0 0 0 0 0 0 0 0 0 0 0 0 0 0 0 0 0 0 0 0 0 0 0 0 0 0 0 0 0 0 0 0 0 0 0 0 0 0 0 0 0 0 0 0 0 0 0 0 0 0 0 0 0 0 0 0 0 0 0
0 0 0 0 0 0 0 0 0 0 0 0 0 0 0 0 0 0 0 0 0 0 0 0 0 0 0 0 0 0 0 0 0 0 0 0 0 0 0 0 0 0 0 0 0 0 0 0 0 0 0 0 0 0 0 0 0 0 0 0 0 0 0 0
65 0 0 0 0 0 0 0 0 0 0 0 0 0 0 0 0 0 0 0 0 0 0 0 0 0 0 0 0 0 0 0 0 0 0 0 0 0 0 0 0 0 0 0 0 0 0 0 0 0 0 0 0 0 0 0 0 0 0 0 0 0 0 0
10 10 10 10 10 10 10 10 10 10 10 10 10 10 10 10 10 10 10 10 10 10 10 10 10 10 10 10 10 10 10 10 0 0 0 0 0 0 0 0 0 0 0 0 0 0 0 0 0 0 0 0 0 0 0 0 0 0 0 0 0 0 0 0
m_colour_palette[] 768 1
0 0 0 1b 3f 0 d 31 0 0 22 0 1 17 3 2 c 7 1a 2f 9 13 29 7 b 23 5 a 1d 7 8 17 9 26 2f 16 25 2b 13 24 25 f 1e 1e d 17 1a c 0 0 0 30 35 3f 24 2c 3f 18 24 3f c 1c 3f 0
14 3f 26 2f 16 25 2b 13 24 25 f 1e 1e d 17 1a c 1a 2f 9 13 29 7 b 23 5 a 1d 7 8 17 9 2 2 2 32 32 32 2b 2b 2b 25 25 25 1f 1f 1f 18 18 18 30 35 3f 24 2c 3f 18 24 3f c 1c 3f 0 14
3f 1a 2f 9 13 29 7 b 23 5 a 1d 7 8 17 9 2 2 2 32 32 32 2b 2b 2b 25 25 25 1f 1f 1f 18 18 18 26 2f 16 25 2b 13 24 25 f 1e 1e d 17 1a c 30 35 3f 24 2c 3f 18 24 3f c 1c 3f 0 14 3f
0 0 0 30 35 3f 24 2c 3f 18 24 3f c 1c 3f 0 14 3f 35 35 35 31 31 31 2d 2d 2d 2a 2a 2a 1a 1a 1a 1b 3f 0 d 31 0 0 22 0 1 17 3 2 c 7 3f 0 3f 3c 3c 3c 36 36 38 30 30 34 29 29 2f 23
23 2b 1e 1e 24 19 19 1d 14 14 16 e e e b b d 7 7 c 5 5 8 2 2 4 0 0 0 0 0 0 0 0 0 26 2f 16 25 2b 13 24 25 f 1e 1e d 17 1a c 3f 3f 3f 2c 2c 2d 21 21 23 16 16 18 c c
d 0 0 0 10 0 0 2 2 2 0 0 0 2 2 2 2 2 2 1a 2f 9 13 29 7 b 23 5 a 1d 7 8 17 9 3f 3f 3f 2c 2c 2d 21 21 23 16 16 18 c c d 0 0 0 10 0 0 0 0 0 2 2 2 2 2 2
0 0 0 26 2f 16 25 2b 13 24 25 f 1e 1e d 17 1a c 3f 3f 31 27 27 f 1d 1c 7 15 14 0 0 0 0 3f 0 0 0 0 0 2 2 2 0 0 0 2 2 2 0 0 0 1a 2f 9 13 29 7 b 23 5 a 1d 7 8
17 9 3f 3f 31 27 27 f 1d 1c 7 15 14 0 0 0 0 3f 0 0 0 0 0 0 0 0 2 2 2 2 2 2 2 2 2 3f 3f 3f 2c 2c 2d 21 21 23 16 16 18 c c d 0 0 0 10 0 0 10 10 0 3f 3f 0 3e 0
3e 1f 1f 0 3f 3f 0 18 18 3f 3f 0 0 0 0 0 2 2 2 3e 3e 3e 3e 3e 8 3e 2a 8 3e 8 8 28 6 6 1a 4 4 26 24 16 16 16 18 c c c 34 8 8 10 2 2 3e 0 3e 3e 0 3e 3e 0 3e 3e 0 3e
2 2 2 3e 3e 3e 0 22 3e 3e 3e 3e 2c 2c 2c 20 20 22 16 16 18 c c c 0 0 0 1e 1a 3e 3e 0 0 3e 3e 3e 3f 3f 3f 3e 26 0 0 22 3e 0 22 3e 2 2 2 3e 3e 3e 3e 0 0 3e 3e 3e 32 30 2 20
1e 0 e e 2 6 6 0 0 0 0 3e 6 c 12 24 3e 3e 3e 3e 3f 3f 3f 3e 26 0 3e 0 0 3e 0 0 2 2 2 3e 3e 3e 3e 0 0 3e 3e 3e 3e 0 0 0 22 3e 3f 0 0 3f 3f 3f 3e 3e 3e 3e 0 0 0 22
3e 3e 3e 3e 0 22 3e 3e 0 0 3e 26 0 3e 26 0 2 2 2 3e 3e 3e 18 18 18 0 0 0 0 2a 3e 0 0 3e 0 14 3e 3e 0 0 3e 3e 0 0 38 0 0 14 3e 3e 26 0 20 a 10 2c 1a 0 8 1c 2e 3e 3e 3e
m_base_addr[] 16 4
0 0 0 0 0 0 0 0 0 0 0 0 0 0 0 0
