frame 3200
m_md 1
m_page_x 20
m_page_y 20
m_page_size 0
m_pattern_size 1
m_bits16 1
m_pny_shift 5
m_na8_mask 3
m_base_y_shift 2
m_h_div_size 0
m_v_div_size 0
m_col_shift 8
m_flip 1
m_zron 0
m_dspe 1
m_dckm 0
m_h_display_size 0
m_v_display_size 0
m_roz_wrap_disable 0
m_scroll_wrap_disable 0
m_planeA_trans_enable 1
m_planeB_trans_enable 0
m_priority_mode 1
m_cbdr 0
m_yse 0
m_scm 0
m_planeA_color_fetch 0
m_planeB_color_fetch 0
m_sprite_color_fetch 0
m_mosaic_aplane 0
m_mosaic_bplane 0
m_sprite_disable 0
m_sprite_aux_mode 1
m_sprite_aux_reg 0
m_border_color 0
m_sprite_bank 70
m_namcond1_gfxbank 0
m_vblank_irq_mask 1
m_raster_irq_mask 0
m_raster_irq_hpos 0
m_raster_irq_vpos 0
m_raster_irq_mode 0
m_ax 0
m_ay 0
m_dx 0
m_dy 0
m_dxy 0
m_dyx 0
m_raw_ax 0
m_raw_ay 0
m_raw_dx 0
m_raw_dy 0
m_raw_dxy 0
m_raw_dyx 0
m_crtc.htotal 324
m_crtc.vtotal 105
m_crtc.display_hstart 6c
m_crtc.display_vstart 1a
m_crtc.display_width 240
m_crtc.display_height e0
m_crtc.display_hsync 30
m_crtc.display_vsync 3
m_crtc.border_width 20
m_crtc.border_height 0
m_screen_status 10
m_ba_plane_scroll_select 1
m_plane_select_access 0
m_xtile_ptr 0
m_ytile_ptr e
m_pattern_name_table[] 4096 1
78 0 78 0 78 0 78 0 78 0 78 0 78 0 78 0 78 0 78 0 78 0 b0 0 b0 0 b0 0 b0 0 78 0 78 0 78 0 78 0 78 0 78 0 78 0 78 0 78 0 78 0 78 0 78 0 78 0 78 0 78 0 78 0 78 0
82 f0 78 0 78 0 78 0 78 0 78 0 78 0 78 0 78 0 78 0 78 0 b0 0 b0 0 b0 0 b0 0 78 0 78 0 78 0 78 0 78 0 78 0 78 0 78 0 78 0 78 0 78 0 78 0 78 0 78 0 78 0 78 0 78 0
81 f0 84 f0 78 0 78 0 78 0 78 0 78 0 78 0 78 0 78 0 78 0 b0 0 b0 0 b0 0 b0 0 78 0 78 0 78 0 78 0 78 0 78 0 78 0 78 0 78 0 78 0 78 0 78 0 78 0 78 0 78 0 78 0 78 0
80 f0 83 f0 78 0 78 0 78 0 78 0 78 0 78 0 78 0 78 0 78 0 b0 0 b0 0 b0 0 b0 0 78 0 78 0 78 0 78 0 78 0 78 0 78 0 78 0 78 0 78 0 78 0 78 0 78 0 78 0 78 0 78 0 78 0
7f f0 78 0 78 0 78 0 78 0 78 0 78 0 78 0 78 0 78 0 78 0 b0 0 b0 0 b0 0 b0 0 78 0 78 0 78 0 78 0 78 0 78 0 78 0 78 0 78 0 78 0 78 0 78 0 78 0 78 0 78 0 78 0 78 0
78 0 a f0 78 0 78 0 78 0 78 0 78 0 78 0 78 0 78 0 78 0 b0 0 b0 0 b0 0 b0 0 78 0 78 0 78 0 78 0 78 0 78 0 78 0 78 0 78 0 78 0 78 0 78 0 78 0 78 0 78 0 78 0 78 0
7e e0 14 f0 78 0 78 0 78 0 78 0 78 0 78 0 78 0 78 0 78 0 b0 0 b0 0 b0 0 b0 0 78 0 78 0 78 0 78 0 78 0 78 0 78 0 78 0 78 0 78 0 78 0 78 0 78 0 78 0 78 0 78 0 78 0
7d e0 3c f0 78 0 78 0 78 0 78 0 78 0 78 0 78 0 78 0 78 0 b0 0 b0 0 b0 0 b0 0 78 0 78 0 78 0 78 0 78 0 78 0 78 0 78 0 78 0 78 0 78 0 78 0 78 0 78 0 78 0 78 0 78 0
78 0 78 0 78 0 78 0 78 0 78 0 78 0 78 0 78 0 78 0 78 0 b0 0 b0 0 b0 0 b0 0 78 0 78 0 78 0 78 0 78 0 78 0 78 0 78 0 78 0 78 0 78 0 78 0 78 0 78 0 78 0 78 0 78 0
78 0 78 0 78 0 78 0 78 0 78 0 78 0 78 0 78 0 78 0 78 0 b0 0 b0 0 b0 0 b0 0 78 0 78 0 78 0 78 c0 78 0 78 0 78 0 78 0 78 0 78 0 78 0 78 0 78 0 78 0 78 0 78 0 78 0
78 0 6e f0 78 0 78 0 78 0 78 0 78 0 78 0 78 0 78 0 78 0 b0 0 b0 0 b0 0 b0 0 78 0 78 0 78 0 78 c0 78 0 78 0 78 0 78 0 78 0 78 0 78 0 78 0 78 0 78 0 78 0 78 0 78 0
7a f0 3 f0 78 0 78 0 78 0 78 0 78 0 78 0 78 0 78 0 78 0 b0 0 b0 0 b0 0 b0 0 78 0 78 0 78 0 78 c0 78 0 78 0 78 0 78 0 78 0 78 0 78 0 78 0 78 0 78 0 78 0 78 0 78 0
79 f0 78 0 78 0 78 0 78 0 78 0 78 0 78 0 78 0 78 0 78 0 b0 0 b0 0 b0 0 b0 0 78 0 78 0 78 0 79 c0 78 0 78 0 78 0 78 0 78 0 78 0 78 0 78 0 78 0 78 0 78 0 78 0 78 0
78 0 78 0 78 0 78 0 78 0 78 0 78 0 78 0 78 0 78 0 78 0 b0 0 b0 0 b0 0 b0 0 78 0 78 0 78 0 7b c0 78 0 78 0 78 0 78 0 78 0 78 0 78 0 78 0 78 0 78 0 78 0 78 0 78 0
78 0 78 0 78 0 78 0 78 0 78 0 78 0 78 0 78 0 78 0 78 0 78 0 78 0 78 0 78 0 78 0 78 0 78 0 78 0 78 0 78 0 78 0 78 0 78 0 78 0 78 0 78 0 78 0 78 0 78 0 78 0 78 0
78 0 78 0 78 0 78 0 78 0 78 0 78 0 78 0 78 0 78 0 78 0 78 0 78 0 78 0 78 0 78 0 78 0 78 0 78 0 78 0 78 0 78 0 78 0 78 0 78 0 78 0 78 0 78 0 78 0 78 0 78 0 78 0
78 0 78 0 78 0 78 0 78 0 78 0 78 0 78 0 78 0 78 0 78 0 78 0 78 0 78 0 78 0 78 0 78 0 78 0 78 0 78 0 78 0 78 0 78 0 78 0 78 0 78 0 78 0 78 0 78 0 78 0 78 0 78 0
78 0 78 0 78 0 78 0 78 0 78 0 78 0 78 0 78 0 78 0 78 0 78 0 78 0 78 0 78 0 78 0 78 0 78 0 78 0 78 0 78 0 78 0 78 0 78 0 78 0 78 0 78 0 78 0 78 0 78 0 78 0 78 0
78 0 78 0 78 0 78 0 78 0 78 0 78 0 78 0 78 0 78 0 78 0 78 0 78 0 78 0 78 0 78 0 78 0 78 0 78 0 78 0 78 0 78 0 78 0 78 0 78 0 78 0 78 0 78 0 78 0 78 0 78 0 78 0
78 0 78 0 78 0 78 0 78 0 78 0 78 0 78 0 78 0 78 0 78 0 78 0 78 0 78 0 78 0 78 0 78 0 78 0 78 0 78 0 78 0 78 0 78 0 78 0 78 0 78 0 78 0 78 0 78 0 78 0 78 0 78 0
78 0 78 0 78 0 78 0 78 0 78 0 78 0 78 0 78 0 78 0 78 0 78 0 78 0 78 0 78 0 78 0 78 0 78 0 78 0 78 0 78 0 78 0 78 0 78 0 78 0 78 0 78 0 78 0 78 0 78 0 78 0 78 0
78 0 78 0 78 0 78 0 78 0 78 0 78 0 78 0 78 0 78 0 78 0 78 0 78 0 78 0 78 0 78 0 78 0 78 0 78 0 78 0 78 0 78 0 78 0 78 0 78 0 78 0 78 0 78 0 78 0 78 0 78 0 78 0
78 0 78 0 78 0 78 0 78 0 78 0 78 0 78 0 78 0 78 0 78 0 78 0 78 0 78 0 78 0 78 0 78 0 78 0 78 0 78 0 78 0 78 0 78 0 78 0 78 0 78 0 78 0 78 0 78 0 78 0 78 0 78 0
78 0 78 0 78 0 78 0 78 0 78 0 78 0 78 0 78 0 78 0 78 0 78 0 78 0 78 0 78 0 78 0 78 0 78 0 78 0 78 0 78 0 78 0 78 0 78 0 78 0 78 0 78 0 78 0 78 0 78 0 78 0 78 0
78 0 78 0 78 0 78 0 78 0 78 0 78 0 78 0 78 0 78 0 78 0 78 0 78 0 78 0 78 0 78 0 78 0 78 0 78 0 78 0 78 0 78 0 78 0 78 0 78 0 78 0 78 0 78 0 78 0 78 0 78 0 78 0
78 0 78 0 78 0 78 0 78 0 78 0 78 0 78 0 78 0 78 0 78 0 78 0 78 0 78 0 78 0 78 0 78 0 78 0 78 0 78 0 78 0 78 0 78 0 78 0 78 0 78 0 78 0 78 0 78 0 78 0 78 0 78 0
78 0 78 0 78 0 78 0 78 0 78 0 78 0 78 0 78 0 78 0 78 0 78 0 78 0 78 0 78 0 78 0 78 0 78 0 78 0 78 0 78 0 78 0 78 0 78 0 78 0 78 0 78 0 78 0 78 0 78 0 78 0 78 0
78 0 78 0 78 0 78 0 78 0 78 0 78 0 78 0 78 0 78 0 78 0 78 0 78 0 78 0 78 0 78 0 78 0 78 0 78 0 78 0 78 0 78 0 78 0 78 0 78 0 78 0 78 0 78 0 78 0 78 0 78 0 78 0
78 0 78 0 78 0 78 0 78 0 78 0 78 0 78 0 78 0 78 0 78 0 78 0 78 0 78 0 78 0 78 0 78 0 78 0 78 0 78 0 78 0 78 0 78 0 78 0 78 0 78 0 78 0 78 0 78 0 78 0 78 0 78 0
78 0 78 0 78 0 78 0 78 0 78 0 78 0 78 0 78 0 78 0 78 0 78 0 78 0 78 0 78 0 78 0 78 0 78 0 78 0 78 0 78 0 78 0 78 0 78 0 78 0 78 0 78 0 78 0 78 0 78 0 78 0 78 0
78 0 78 0 78 0 78 0 78 0 78 0 78 0 78 0 78 0 78 0 78 0 78 0 78 0 78 0 78 0 78 0 78 0 78 0 78 0 78 0 78 0 78 0 78 0 78 0 78 0 78 0 78 0 78 0 78 0 78 0 78 0 78 0
78 0 78 0 78 0 78 0 78 0 78 0 78 0 78 0 78 0 78 0 78 0 78 0 78 0 78 0 78 0 78 0 78 0 78 0 78 0 78 0 78 0 78 0 78 0 78 0 78 0 78 0 78 0 78 0 78 0 78 0 78 0 78 0
35 8 7b 8 5d 7 7c 8 31 7 a4 7 7d 8 7a 8 7 7 6 7 7 7 7 7 6 7 6 7 7 7 6 7 6 7 32 8 33 8 b6 7 b6 7 42 7 7 7 9d 7 5 7 6 7 6 7 6 7 58 7 34 8 35 8 35 8
7e 8 7 7 5b 7 31 7 30 7 3 7 23 7 7f 8 7 7 6 7 b 7 b 7 6 7 6 7 b 7 7 7 7 7 3c 8 3d 8 3e 8 33 8 6 7 9d 7 15 7 63 7 23 7 5e 7 4d 7 63 7 a4 7 3f 8 7 7
80 8 61 7 30 7 30 7 e 7 aa 7 4a 7 81 8 82 8 b 7 6 7 b 7 6 7 6 7 7 7 b 7 7 7 9 7 9 7 f5 7 43 8 44 8 63 7 63 7 1b 7 3 7 1 7 a5 7 a6 7 45 8 23 7 7 7
7 7 66 7 4b 7 41 7 14 7 f 7 a4 7 15 7 81 8 a1 7 34 8 35 8 96 7 53 7 b 7 7 7 6 7 30 18 9 7 50 7 9 7 4a 8 4b 8 4c 8 3 7 2 7 0 7 ab 7 9 7 ac 7 4 7 23 7
7 7 7 7 61 7 2 7 d 7 2 7 aa 7 63 7 a4 7 6 7 7 7 7 7 6 7 5d 7 84 8 85 8 6 7 71 17 3a 18 3b 18 54 7 9 7 9 7 4f 8 45 8 d 7 af 7 ab 7 9 7 ac 7 ad 7 aa 7
7 7 7 7 1b 7 3a 7 14 7 1 7 0 7 2 7 14 7 a4 7 15 7 3b 7 7 7 6 7 86 8 87 8 88 8 39 48 71 17 6f 17 3a 18 3b 18 9 7 9 7 9 7 4b 8 56 8 b1 7 b2 7 b3 7 16 7 42 7
7 7 7 7 5e 7 2 7 41 7 a5 7 a6 7 45 8 f 7 a4 7 7 7 5b 7 63 7 63 7 23 7 6 7 81 8 1 7 42 48 6f 17 6f 17 76 17 30 18 54 7 9 7 54 7 4f 8 45 8 10 7 3 7 0 7 23 7
89 8 56 7 1b 7 14 7 31 7 ab 7 9 7 ac 7 ad 7 3a 7 3b 7 4b 7 3a 7 41 7 2 7 23 7 6 7 2 7 49 48 71 17 75 17 be 17 6f 17 3a 18 3b 18 5d 18 9 7 9 7 4f 8 45 8 5e 8 5e 8
9 7 9 7 8a 8 3 7 0 7 8b 8 b2 7 8c 8 3 7 2 7 23 7 23 7 15 7 0 7 3 7 2 7 a4 7 d 7 5f 48 6f 17 71 17 6f 17 76 17 be 17 71 17 76 17 3a 18 3b 18 9 7 54 7 60 8 60 8
5d 18 9 7 9 7 8d 8 45 8 2 7 0 7 1 7 0 7 3 7 2 7 42 7 8e 8 4b 7 b6 7 41 7 42 7 54 48 6f 17 76 17 75 17 76 17 75 17 be 17 71 17 75 17 76 17 71 17 3a 18 3b 18 5d 18 5d 18
75 17 8f 18 3b 18 5d 18 9 7 8d 8 45 8 a5 7 a6 7 a6 7 45 8 42 7 6 7 6 7 7 7 7 7 6 7 6f 17 6f 17 be 17 75 17 6f 17 71 17 71 17 be 17 6f 17 6f 17 71 17 be 17 62 18 be 17 6f 17
75 17 71 17 6f 17 71 17 3a 18 ab 19 3b 18 9 7 9 7 9 7 9 7 ac 9 6 7 82 7 24 8 a1 7 a1 7 6f 17 71 17 76 17 76 17 6f 17 71 17 6f 17 75 17 6f 17 71 17 76 17 76 17 6f 17 75 17 6f 17
71 17 71 17 be 17 6f 17 76 17 6f 17 6f 17 3a 18 3b 18 9 7 92 7 9 7 ae 9 af 9 6 7 6 7 6 7 6f 17 6f 17 71 17 6f 17 76 17 6f 17 be 17 71 17 71 17 71 17 76 17 6f 17 71 17 be 17 71 17
76 17 6f 17 6f 17 71 17 6f 17 76 17 71 17 71 17 71 17 b1 39 b2 39 b3 39 9 7 92 7 29 7 6 7 7 7 76 17 be 17 71 17 6f 17 be 17 be 17 6f 17 be 17 be 17 71 17 6f 17 76 17 be 17 75 17 be 17
78 0 78 0 78 0 78 0 78 0 78 0 78 0 78 0 78 0 78 0 78 0 78 0 78 0 78 0 78 0 78 0 78 0 78 0 78 0 78 0 78 0 78 0 78 0 78 0 78 0 78 0 78 0 78 0 78 0 78 0 78 0 78 0
78 0 78 0 78 0 78 0 78 0 78 0 78 0 78 0 78 0 78 0 78 0 78 0 78 0 78 0 78 0 78 0 78 0 78 0 78 0 78 0 78 0 78 0 78 0 78 0 78 0 78 0 78 0 78 0 78 0 78 0 78 0 78 0
78 0 78 0 78 0 78 0 78 0 78 0 78 0 78 0 78 0 78 0 78 0 78 0 78 0 78 0 78 0 78 0 78 0 78 0 78 0 78 0 78 0 78 0 78 0 78 0 78 0 78 0 78 0 78 0 78 0 78 0 78 0 78 0
78 0 78 0 78 0 78 0 78 0 78 0 78 0 78 0 78 0 78 0 78 0 78 0 78 0 78 0 78 0 78 0 78 0 78 0 78 0 78 0 78 0 78 0 78 0 78 0 78 0 78 0 78 0 78 0 78 0 78 0 78 0 78 0
78 0 78 0 78 0 78 0 78 0 78 0 78 0 78 0 78 0 78 0 78 0 78 0 78 0 78 0 78 0 78 0 78 0 78 0 78 0 78 0 78 0 78 0 78 0 78 0 78 0 78 0 78 0 78 0 78 0 78 0 78 0 78 0
78 0 78 0 78 0 78 0 78 0 78 0 78 0 78 0 78 0 78 0 78 0 78 0 78 0 78 0 78 0 78 0 78 0 78 0 78 0 78 0 78 0 78 0 78 0 78 0 78 0 78 0 78 0 78 0 78 0 78 0 78 0 78 0
78 0 78 0 78 0 78 0 78 0 78 0 78 0 78 0 78 0 78 0 78 0 78 0 78 0 78 0 78 0 78 0 78 0 78 0 78 0 78 0 78 0 78 0 78 0 78 0 78 0 78 0 78 0 78 0 78 0 78 0 78 0 78 0
78 0 78 0 78 0 78 0 78 0 78 0 78 0 78 0 78 0 78 0 78 0 78 0 78 0 78 0 78 0 78 0 78 0 78 0 78 0 78 0 78 0 78 0 78 0 78 0 78 0 78 0 78 0 78 0 78 0 78 0 78 0 78 0
78 0 78 0 78 0 78 0 78 0 78 0 78 0 78 0 78 0 78 0 78 0 78 0 78 0 78 0 78 0 78 0 78 0 78 0 78 0 78 0 78 0 78 0 78 0 78 0 78 0 78 0 78 0 78 0 78 0 78 0 78 0 78 0
78 0 78 0 78 0 78 0 78 0 78 0 78 0 78 0 78 0 78 0 78 0 78 0 78 0 78 0 78 0 78 0 78 0 78 0 78 0 78 0 78 0 78 0 78 0 78 0 78 0 78 0 78 0 78 0 78 0 78 0 78 0 78 0
78 0 78 0 78 0 78 0 78 0 78 0 78 0 78 0 78 0 78 0 78 0 78 0 78 0 78 0 78 0 78 0 78 0 78 0 78 0 78 0 78 0 78 0 78 0 78 0 78 0 78 0 78 0 78 0 78 0 78 0 78 0 78 0
78 0 78 0 78 0 78 0 78 0 78 0 78 0 78 0 78 0 78 0 78 0 78 0 78 0 78 0 78 0 78 0 78 0 78 0 78 0 78 0 78 0 78 0 78 0 78 0 78 0 78 0 78 0 78 0 78 0 78 0 78 0 78 0
78 0 78 0 78 0 78 0 78 0 78 0 78 0 78 0 78 0 78 0 78 0 78 0 78 0 78 0 78 0 78 0 78 0 78 0 78 0 78 0 78 0 78 0 78 0 78 0 78 0 78 0 78 0 78 0 78 0 78 0 78 0 78 0
78 0 78 0 78 0 78 0 78 0 78 0 78 0 78 0 78 0 78 0 78 0 78 0 78 0 78 0 78 0 78 0 78 0 78 0 78 0 78 0 78 0 78 0 78 0 78 0 78 0 78 0 78 0 78 0 78 0 78 0 78 0 78 0
78 0 78 0 78 0 78 0 78 0 78 0 78 0 78 0 78 0 78 0 78 0 78 0 78 0 78 0 78 0 78 0 78 0 78 0 78 0 78 0 78 0 78 0 78 0 78 0 78 0 78 0 78 0 78 0 78 0 78 0 78 0 78 0
78 0 78 0 78 0 78 0 78 0 78 0 78 0 78 0 78 0 78 0 78 0 78 0 78 0 78 0 78 0 78 0 78 0 78 0 78 0 78 0 78 0 78 0 78 0 78 0 78 0 78 0 78 0 78 0 78 0 78 0 78 0 78 0
78 0 78 0 78 0 78 0 78 0 78 0 78 0 78 0 78 0 78 0 78 0 78 0 78 0 78 0 78 0 78 0 78 0 78 0 78 0 78 0 78 0 78 0 78 0 78 0 78 0 78 0 78 0 78 0 78 0 78 0 78 0 78 0
78 0 78 0 78 0 78 0 78 0 78 0 78 0 78 0 78 0 78 0 78 0 78 0 78 0 78 0 78 0 78 0 78 0 78 0 78 0 78 0 78 0 78 0 78 0 78 0 78 0 78 0 78 0 78 0 78 0 78 0 78 0 78 0
m_sprite_attribute_table.b[] 256 1
a0 ff a6 68 a8 ff a6 68 1a fc a6 68 27 1b a4 68 9b 3b a4 68 67 a0 c0 97 6f a0 c0 a3 67 0 c0 97 6f 0 c0 a3 67 f8 c4 40 67 98 c4 41 33 3e a4 cc 43 3e a4 c6 69 de a4 c5 79 de a4 c6 0 0 1 0
0 0 1 0 0 0 1 0 0 0 1 0 0 0 1 0 0 0 1 0 0 0 1 0 0 0 1 0 0 0 1 0 0 0 1 0 0 0 1 0 0 0 1 0 0 0 1 0 0 0 1 0 0 0 1 0 0 0 1 0 0 0 1 0
0 0 1 0 0 0 1 0 0 0 1 0 0 0 1 0 0 0 1 0 0 0 1 0 0 0 1 0 0 0 1 0 0 0 1 0 0 0 1 0 0 0 1 0 0 0 1 0 0 0 1 0 0 0 1 0 0 0 1 0 0 0 1 0
0 0 1 0 0 0 1 0 0 0 1 0 0 0 1 0 0 0 1 0 0 0 1 0 0 0 1 0 0 0 1 0 0 0 1 0 0 0 1 0 0 0 1 0 0 0 1 0 0 0 1 0 0 0 1 0 0 0 1 0 0 0 1 0
m_scroll_data_table[] 512 1
0 0 0 0 0 0 0 0 0 0 0 0 0 0 0 0 0 0 0 0 0 0 0 0 0 0 0 0 0 0 0 0 0 0 0 0 0 0 0 0 0 0 0 0 0 0 0 0 0 0 0 0 0 0 0 0 0 0 0 0 0 0 0 0
0 0 0 0 0 0 0 0 0 0 0 0 0 0 0 0 0 0 0 0 0 0 0 0 0 0 0 0 0 0 0 0 0 0 0 0 0 0 0 0 0 0 0 0 0 0 0 0 0 0 0 0 0 0 0 0 0 0 0 0 0 0 0 0
8 0 0 0 0 0 0 0 0 0 0 0 0 0 0 0 0 0 0 0 0 0 0 0 0 0 0 0 0 0 0 0 0 0 0 0 0 0 0 0 0 0 0 0 0 0 0 0 0 0 0 0 0 0 0 0 0 0 0 0 0 0 0 0
10 10 10 10 10 10 10 10 10 10 10 10 10 10 10 10 10 10 10 10 10 10 10 10 10 10 10 10 10 10 10 10 0 0 0 0 0 0 0 0 0 0 0 0 0 0 0 0 0 0 0 0 0 0 0 0 0 0 0 0 0 0 0 0
0 0 0 0 0 0 0 0 0 0 0 0 0 0 0 0 0 0 0 0 0 0 0 0 0 0 0 0 0 0 0 0 0 0 0 0 0 0 0 0 0 0 0 0 0 0 0 0 0 0 0 0 0 0 0 0 0 0 0 0 0 0 0 0
0 0 0 0 0 0 0 0 0 0 0 0 0 0 0 0 0 0 0 0 0 0 0 0 0 0 0 0 0 0 0 0 0 0 0 0 0 0 0 0 0 0 0 0 0 0 0 0 0 0 0 0 0 0 0 0 0 0 0 0 0 0 0 0
80 1 0 0 0 0 0 0 0 0 0 0 0 0 0 0 0 0 0 0 0 0 0 0 0 0 0 0 0 0 0 0 0 0 0 0 0 0 0 0 0 0 0 0 0 0 0 0 0 0 0 0 0 0 0 0 0 0 0 0 0 0 0 0
10 10 10 10 10 10 10 10 10 10 10 10 10 10 10 10 10 10 10 10 10 10 10 10 10 10 10 10 10 10 10 10 0 0 0 0 0 0 0 0 0 0 0 0 0 0 0 0 0 0 0 0 0 0 0 0 0 0 0 0 0 0 0 0
m_colour_palette[] 768 1
0 0 0 1b 3f 0 d 31 0 0 22 0 1 17 3 2 c 7 1a 2f 9 13 29 7 b 23 5 a 1d 7 8 17 9 26 2f 16 25 2b 13 24 25 f 1e 1e d 17 1a c 0 0 0 24 2c 3f 18 24 3f 30 35 3f c 1c 3f 0
14 3f 26 2f 16 25 2b 13 24 25 f 1e 1e d 17 1a c 1a 2f 9 13 29 7 b 23 5 a 1d 7 8 17 9 2 2 2 32 32 32 2b 2b 2b 25 25 25 1f 1f 1f 18 18 18 24 2c 3f 18 24 3f 30 35 3f c 1c 3f 0 14
3f 1a 2f 9 13 29 7 b 23 5 a 1d 7 8 17 9 2 2 2 32 32 32 2b 2b 2b 25 25 25 1f 1f 1f 18 18 18 26 2f 16 25 2b 13 24 25 f 1e 1e d 17 1a c 24 2c 3f 18 24 3f 30 35 3f c 1c 3f 0 14 3f
0 0 0 24 2c 3f 18 24 3f 30 35 3f c 1c 3f 0 14 3f 35 35 35 31 31 31 2d 2d 2d 2a 2a 2a 1a 1a 1a 1b 3f 0 d 31 0 0 22 0 1 17 3 2 c 7 3f 0 3f 3c 3c 3c 36 36 38 30 30 34 29 29 2f 23
23 2b 1e 1e 24 19 19 1d 14 14 16 e e e b b d 7 7 c 5 5 8 2 2 4 0 0 0 0 0 0 0 0 0 26 2f 16 25 2b 13 24 25 f 1e 1e d 17 1a c 3f 3f 3f 2c 2c 2d 21 21 23 16 16 18 c c
d 0 0 0 3f 0 0 2 2 2 0 0 0 2 2 2 2 2 2 1a 2f 9 13 29 7 b 23 5 a 1d 7 8 17 9 3f 3f 3f 2c 2c 2d 21 21 23 16 16 18 c c d 0 0 0 3f 0 0 0 0 0 2 2 2 2 2 2
0 0 0 26 2f 16 25 2b 13 24 25 f 1e 1e d 17 1a c 3f 3f 31 27 27 f 1d 1c 7 15 14 0 0 0 0 3f 0 0 0 0 0 2 2 2 0 0 0 2 2 2 0 0 0 1a 2f 9 13 29 7 b 23 5 a 1d 7 8
17 9 3f 3f 31 27 27 f 1d 1c 7 15 14 0 0 0 0 3f 0 0 0 0 0 0 0 0 2 2 2 2 2 2 2 2 2 3f 3f 3f 2c 2c 2d 21 21 23 16 16 18 c c d 0 0 0 3f 0 0 3f 3f 0 3f 3f 0 3e 0
3e 1f 1f 0 3f 3f 0 18 18 3f 3f 0 0 0 0 0 2 2 2 3e 3e 3e 3e 3e 8 3e 2a 8 3e 8 8 28 6 6 1a 4 4 26 24 16 16 16 18 c c c 34 8 8 10 2 2 3e 0 3e 3e 0 3e 3e 0 3e 3e 0 3e
2 2 2 3e 3e 3e 0 22 3e 3e 3e 3e 2c 2c 2c 20 20 22 16 16 18 c c c 0 0 0 1e 1a 3e 3e 0 0 3e 3e 3e 3f 3f 3f 3e 26 0 0 22 3e 0 22 3e 2 2 2 3e 3e 3e 3e 0 0 3e 3e 3e 32 30 2 20
1e 0 e e 2 6 6 0 0 0 0 3e 6 c 12 24 3e 3e 3e 3e 3f 3f 3f 3e 26 0 3e 0 0 3e 0 0 2 2 2 3e 3e 3e 3e 0 0 3e 3e 3e 3e 0 0 0 22 3e 3f 0 0 3f 3f 3f 3e 3e 3e 3e 0 0 0 22
3e 3e 3e 3e 0 22 3e 3e 0 0 3e 26 0 3e 26 0 2 2 2 3e 3e 3e 18 18 18 0 0 0 0 2a 3e 0 0 3e 0 14 3e 3e 0 0 3e 3e 0 0 38 0 0 14 3e 3e 26 0 20 a 10 2c 1a 0 8 1c 2e 3e 3e 3e
m_base_addr[] 16 4
0 0 0 0 0 0 0 0 0 0 0 0 0 0 0 0
